TimeStep Hunter1_X Hunter1_Y Hunter2_X Hunter2_Y Hunter3_X Hunter3_Y
0 1.7500 1.5000 1.5000 1.7500 1.2500 1.5000
1 1.7595 1.5030 1.5041 1.7409 1.2581 1.4941
2 1.7599 1.5021 1.4990 1.7279 1.2729 1.4808
3 1.7519 1.4960 1.5038 1.7158 1.2795 1.4620
4 1.7407 1.4839 1.4999 1.7046 1.2932 1.4474
5 1.7326 1.4779 1.5058 1.6925 1.3093 1.4307
6 1.7247 1.4718 1.5020 1.6785 1.3191 1.4194
7 1.7169 1.4656 1.5081 1.6657 1.3386 1.4061
8 1.7092 1.4592 1.5042 1.6522 1.3483 1.3939
9 1.7015 1.4528 1.5103 1.6395 1.3679 1.3812
10 1.6939 1.4463 1.5080 1.6259 1.3776 1.3696
11 1.6864 1.4397 1.5157 1.6134 1.3972 1.3577
12 1.6791 1.4328 1.5134 1.6002 1.4063 1.3535
13 1.6720 1.4258 1.5216 1.5946 1.4153 1.3491
14 1.6652 1.4185 1.5295 1.5885 1.4242 1.3445
15 1.6628 1.4088 1.5290 1.5771 1.4322 1.3385
16 1.6604 1.3991 1.5369 1.5709 1.4395 1.3317
17 1.6584 1.3893 1.5362 1.5597 1.4458 1.3239
18 1.6569 1.3794 1.5439 1.5534 1.4510 1.3154
19 1.6562 1.3694 1.5430 1.5422 1.4553 1.3063
20 1.6555 1.3594 1.5520 1.5321 1.4585 1.2969
21 1.6550 1.3494 1.5590 1.5249 1.4610 1.2872
22 1.6540 1.3395 1.5569 1.5136 1.4545 1.2796
23 1.6540 1.3295 1.5641 1.5066 1.4580 1.2702
24 1.6537 1.3195 1.5621 1.4955 1.4606 1.2606
25 1.6532 1.3095 1.5701 1.4848 1.4625 1.2508
26 1.6530 1.2995 1.5681 1.4742 1.4640 1.2409
27 1.6526 1.2895 1.5740 1.4661 1.4571 1.2337
28 1.6533 1.2795 1.5705 1.4547 1.4602 1.2241
29 1.6533 1.2695 1.5765 1.4467 1.4622 1.2144
30 1.6531 1.2595 1.5731 1.4354 1.4638 1.2045
31 1.6527 1.2496 1.5788 1.4272 1.4649 1.1945
32 1.6524 1.2396 1.5750 1.4156 1.4660 1.1846
33 1.6520 1.2296 1.5806 1.4073 1.4591 1.1774
34 1.6528 1.2196 1.5770 1.3953 1.4618 1.1677
35 1.6528 1.2096 1.5828 1.3871 1.4637 1.1579
36 1.6526 1.1996 1.5793 1.3754 1.4651 1.1480
37 1.6521 1.1896 1.5848 1.3671 1.4662 1.1381
38 1.6517 1.1796 1.5811 1.3551 1.4671 1.1281
39 1.6513 1.1696 1.5865 1.3467 1.4678 1.1182
40 1.6509 1.1596 1.5827 1.3345 1.4610 1.1109
41 1.6561 1.1511 1.5887 1.3265 1.4636 1.1012
42 1.6490 1.1441 1.5931 1.3175 1.4655 1.0914
43 1.6547 1.1359 1.5978 1.3087 1.4693 1.0822
44 1.6476 1.1288 1.6025 1.2998 1.4621 1.0752
45 1.6544 1.1215 1.6081 1.2915 1.4684 1.0674
46 1.6526 1.1116 1.6120 1.2823 1.4620 1.0596
47 1.6509 1.1018 1.6147 1.2727 1.4558 1.0518
48 1.6490 1.0920 1.6160 1.2628 1.4496 1.0440
49 1.6470 1.0822 1.6163 1.2528 1.4437 1.0359
50 1.6448 1.0724 1.6161 1.2428 1.4382 1.0276
51 1.6426 1.0627 1.6157 1.2328 1.4334 1.0188
52 1.6403 1.0529 1.6151 1.2228 1.4294 1.0096
53 1.6379 1.0432 1.6144 1.2129 1.4355 1.0017
54 1.6353 1.0336 1.6132 1.2029 1.4291 0.9940
55 1.6333 1.0238 1.6138 1.1929 1.4348 0.9858
56 1.6309 1.0141 1.6134 1.1829 1.4283 0.9782
57 1.6286 1.0043 1.6140 1.1730 1.4331 0.9695
58 1.6237 0.9956 1.6176 1.1636 1.4262 0.9623
59 1.6197 0.9864 1.6212 1.1543 1.4311 0.9536
60 1.6155 0.9774 1.6243 1.1448 1.4241 0.9464
61 1.6113 0.9683 1.6267 1.1351 1.4175 0.9389
62 1.6211 0.9703 1.6194 1.1265 1.4113 0.9310
63 1.6139 0.9633 1.6217 1.1168 1.4056 0.9228
64 1.6102 0.9540 1.6264 1.1079 1.4126 0.9156
65 1.6065 0.9448 1.6317 1.0995 1.4079 0.9068
66 1.6024 0.9356 1.6271 1.0925 1.4032 0.8980
67 1.6122 0.9375 1.6316 1.0836 1.4012 0.8882
68 1.6075 0.9287 1.6266 1.0778 1.3981 0.8787
69 1.6173 0.9305 1.6330 1.0701 1.4065 0.8732
70 1.6126 0.9217 1.6374 1.0642 1.4145 0.8672
71 1.6079 0.9129 1.6318 1.0594 1.4223 0.8610
72 1.6177 0.9148 1.6344 1.0526 1.4175 0.8523
73 1.6276 0.9160 1.6384 1.0479 1.4268 0.8488
74 1.6376 0.9171 1.6440 1.0445 1.4364 0.8460
75 1.6475 0.9181 1.6508 1.0420 1.4422 0.8378
76 1.6575 0.9190 1.6578 1.0405 1.4511 0.8332
77 1.6675 0.9190 1.6530 1.0444 1.4608 0.8310
78 1.6775 0.9195 1.6437 1.0406 1.4706 0.8289
79 1.6874 0.9201 1.6453 1.0437 1.4804 0.8268
80 1.6973 0.9217 1.6458 1.0440 1.4900 0.8240
81 1.6894 0.9156 1.6392 1.0371 1.4994 0.8206
82 1.6816 0.9093 1.6386 1.0308 1.5084 0.8163
83 1.6786 0.8998 1.6459 1.0294 1.5165 0.8105
84 1.6788 0.8898 1.6471 1.0230 1.5102 0.8027
85 1.6887 0.8912 1.6553 1.0215 1.5189 0.7978
86 1.6849 0.8820 1.6578 1.0196 1.5267 0.7922
87 1.6865 0.8721 1.6630 1.0165 1.5311 0.7865
88 1.6963 0.8741 1.6649 1.0118 1.5237 0.7806
89 1.6912 0.8655 1.6625 1.0068 1.5226 0.7739
90 1.6891 0.8557 1.6652 1.0024 1.5306 0.7695
91 1.6862 0.8461 1.6663 0.9964 1.5232 0.7638
92 1.6827 0.8367 1.6665 0.9891 1.5173 0.7557
93 1.6925 0.8387 1.6675 0.9815 1.5166 0.7464
94 1.6870 0.8304 1.6644 0.9745 1.5188 0.7390
95 1.6968 0.8323 1.6668 0.9689 1.5278 0.7357
96 1.6916 0.8238 1.6654 0.9632 1.5257 0.7312
97 1.6894 0.8140 1.6686 0.9584 1.5305 0.7237
98 1.6881 0.8041 1.6696 0.9520 1.5259 0.7199
99 1.6843 0.7948 1.6697 0.9443 1.5192 0.7138
100 1.6942 0.7968 1.6717 0.9368 1.5197 0.7050
101 1.6886 0.7885 1.6682 0.9294 1.5206 0.6991
102 1.6984 0.7904 1.6708 0.9242 1.5287 0.6965
103 1.6932 0.7818 1.6691 0.9184 1.5259 0.6921
104 1.6912 0.7720 1.6726 0.9139 1.5311 0.6848
105 1.7010 0.7740 1.6733 0.9075 1.5262 0.6813
106 1.6956 0.7656 1.6711 0.9013 1.5258 0.6753
107 1.6933 0.7558 1.6744 0.8966 1.5339 0.6723
108 1.6902 0.7463 1.6758 0.8901 1.5258 0.6670
109 1.7000 0.7484 1.6765 0.8825 1.5213 0.6594
110 1.6946 0.7399 1.6742 0.8761 1.5260 0.6519
111 1.7045 0.7418 1.6779 0.8714 1.5354 0.6493
112 1.6993 0.7332 1.6764 0.8659 1.5319 0.6461
113 1.7091 0.7351 1.6803 0.8618 1.5365 0.6394
114 1.7040 0.7265 1.6788 0.8566 1.5367 0.6362
115 1.7020 0.7167 1.6828 0.8527 1.5411 0.6304
116 1.7118 0.7187 1.6834 0.8467 1.5349 0.6281
117 1.7065 0.7103 1.6819 0.8410 1.5357 0.6223
118 1.7044 0.7005 1.6859 0.8368 1.5444 0.6196
119 1.7142 0.7025 1.6873 0.8306 1.5352 0.6156
120 1.7088 0.6941 1.6854 0.8246 1.5369 0.6085
121 1.7186 0.6960 1.6894 0.8206 1.5464 0.6056
122 1.7133 0.6874 1.6886 0.8154 1.5427 0.6018
123 1.7232 0.6894 1.6930 0.8116 1.5505 0.5987
124 1.7180 0.6808 1.6924 0.8067 1.5463 0.5942
125 1.7161 0.6710 1.6970 0.8031 1.5548 0.5906
126 1.7131 0.6615 1.6986 0.7972 1.5459 0.5862
127 1.7230 0.6632 1.6988 0.7901 1.5425 0.5791
128 1.7329 0.6647 1.7013 0.7867 1.5522 0.5770
129 1.7428 0.6662 1.7062 0.7846 1.5621 0.5753
130 1.7406 0.6564 1.7128 0.7828 1.5719 0.5734
131 1.7504 0.6584 1.7158 0.7789 1.5694 0.5692
132 1.7448 0.6501 1.7156 0.7741 1.5702 0.5639
133 1.7423 0.6405 1.7205 0.7708 1.5794 0.5617
134 1.7520 0.6426 1.7228 0.7653 1.5701 0.5579
135 1.7465 0.6343 1.7217 0.7596 1.5729 0.5511
136 1.7563 0.6361 1.7264 0.7564 1.5827 0.5489
137 1.7508 0.6277 1.7260 0.7513 1.5780 0.5459
138 1.7607 0.6296 1.7309 0.7483 1.5869 0.5429
139 1.7553 0.6212 1.7260 0.7396 1.5812 0.5400
140 1.7652 0.6228 1.7312 0.7379 1.5905 0.5377
141 1.7750 0.6246 1.7381 0.7368 1.6003 0.5358
142 1.7697 0.6162 1.7392 0.7338 1.5953 0.5341
143 1.7795 0.6181 1.7449 0.7318 1.6035 0.5311
144 1.7741 0.6097 1.7453 0.7279 1.5978 0.5275
145 1.7839 0.6118 1.7506 0.7255 1.6071 0.5239
146 1.7785 0.6033 1.7505 0.7211 1.6022 0.5200
147 1.7763 0.5936 1.7556 0.7186 1.6117 0.5168
148 1.7860 0.5957 1.7525 0.7095 1.6022 0.5136
149 1.7959 0.5974 1.7556 0.7081 1.6121 0.5122
150 1.8058 0.5984 1.7478 0.7144 1.6220 0.5112
151 1.8156 0.6005 1.7402 0.7164 1.6319 0.5099
152 1.8076 0.5945 1.7425 0.7168 1.6418 0.5083
153 1.8023 0.5860 1.7463 0.7151 1.6478 0.5053
154 1.7935 0.5812 1.7532 0.7080 1.6382 0.5024
155 1.7902 0.5718 1.7629 0.7053 1.6287 0.4994
156 1.7999 0.5740 1.7714 0.7001 1.6194 0.4956
157 1.7933 0.5665 1.7677 0.6908 1.6158 0.4909
158 1.8032 0.5682 1.7725 0.6874 1.6256 0.4889
159 1.8130 0.5699 1.7785 0.6857 1.6355 0.4882
160 1.8229 0.5716 1.7859 0.6848 1.6455 0.4877
161 1.8327 0.5734 1.7942 0.6841 1.6555 0.4868
162 1.8425 0.5756 1.8031 0.6837 1.6654 0.4858
163 1.8406 0.5657 1.7940 0.6877 1.6599 0.4858
164 1.8503 0.5680 1.8036 0.6851 1.6692 0.4835
165 1.8602 0.5695 1.8003 0.6900 1.6791 0.4821
166 1.8699 0.5721 1.7974 0.6907 1.6891 0.4812
167 1.8614 0.5667 1.7941 0.6899 1.6848 0.4795
168 1.8530 0.5613 1.7926 0.6841 1.6933 0.4761
169 1.8485 0.5524 1.7998 0.6831 1.6991 0.4735
170 1.8582 0.5551 1.8094 0.6806 1.6892 0.4721
171 1.8505 0.5487 1.8189 0.6772 1.6819 0.4691
172 1.8478 0.5390 1.8286 0.6748 1.6909 0.4646
173 1.8576 0.5412 1.8371 0.6696 1.6809 0.4633
174 1.8674 0.5431 1.8436 0.6658 1.6908 0.4618
175 1.8772 0.5449 1.8499 0.6637 1.7008 0.4617
176 1.8871 0.5467 1.8568 0.6630 1.7108 0.4621
177 1.8969 0.5486 1.8641 0.6626 1.7208 0.4630
178 1.9067 0.5504 1.8720 0.6628 1.7307 0.4639
179 1.9165 0.5524 1.8804 0.6632 1.7407 0.4649
180 1.9263 0.5543 1.8894 0.6640 1.7506 0.4657
181 1.9361 0.5566 1.8988 0.6650 1.7606 0.4664
182 1.9301 0.5486 1.8956 0.6591 1.7525 0.4697
183 1.9399 0.5506 1.9022 0.6600 1.7603 0.4691
184 1.9497 0.5525 1.9098 0.6615 1.7703 0.4689
185 1.9596 0.5538 1.9034 0.6691 1.7803 0.4691
186 1.9694 0.5561 1.8976 0.6733 1.7903 0.4694
187 1.9790 0.5586 1.9003 0.6762 1.7964 0.4664
188 1.9705 0.5534 1.9052 0.6776 1.8039 0.4636
189 1.9639 0.5459 1.9073 0.6728 1.8063 0.4594
190 1.9735 0.5488 1.9124 0.6718 1.7966 0.4619
191 1.9649 0.5437 1.9079 0.6718 1.7899 0.4618
192 1.9558 0.5395 1.9170 0.6678 1.7989 0.4583
193 1.9511 0.5307 1.9269 0.6659 1.7890 0.4589
194 1.9608 0.5331 1.9351 0.6615 1.7790 0.4587
195 1.9706 0.5353 1.9406 0.6583 1.7888 0.4570
196 1.9804 0.5375 1.9456 0.6566 1.7988 0.4578
197 1.9901 0.5396 1.9516 0.6567 1.8085 0.4600
198 1.9999 0.5416 1.9587 0.6578 1.8182 0.4626
199 2.0097 0.5438 1.9670 0.6595 1.8279 0.4649
200 2.0194 0.5459 1.9758 0.6613 1.8377 0.4671
201 2.0292 0.5482 1.9850 0.6633 1.8474 0.4691
202 2.0389 0.5504 1.9944 0.6654 1.8569 0.4709
203 2.0488 0.5520 1.9893 0.6740 1.8664 0.4727
204 2.0585 0.5545 1.9860 0.6784 1.8758 0.4745
205 2.0681 0.5572 1.9892 0.6820 1.8807 0.4729
206 2.0777 0.5601 1.9933 0.6844 1.8858 0.4720
207 2.0870 0.5636 2.0007 0.6863 1.8958 0.4728
208 2.0964 0.5672 2.0089 0.6881 1.9058 0.4736
209 2.0877 0.5623 2.0173 0.6898 1.9157 0.4746
210 2.0973 0.5649 2.0207 0.6865 1.9237 0.4762
211 2.1070 0.5675 2.0293 0.6916 1.9333 0.4788
212 2.0983 0.5626 2.0344 0.6928 1.9271 0.4796
213 2.1078 0.5656 2.0389 0.6885 1.9351 0.4766
214 2.0994 0.5603 2.0393 0.6916 1.9286 0.4794
215 2.1088 0.5634 2.0489 0.6889 1.9354 0.4780
216 2.1185 0.5661 2.0514 0.6925 1.9397 0.4772
217 2.1280 0.5691 2.0512 0.6955 1.9404 0.4801
218 2.1376 0.5721 2.0558 0.6983 1.9495 0.4792
219 2.1469 0.5757 2.0628 0.7007 1.9595 0.4792
220 2.1562 0.5794 2.0704 0.7023 1.9695 0.4795
221 2.1476 0.5743 2.0739 0.6998 1.9795 0.4801
222 2.1572 0.5770 2.0834 0.7029 1.9869 0.4817
223 2.1667 0.5800 2.0891 0.7056 1.9868 0.4856
224 2.1760 0.5837 2.0950 0.7084 1.9924 0.4866
225 2.1673 0.5787 2.0975 0.7064 2.0024 0.4863
226 2.1769 0.5816 2.1071 0.7092 2.0081 0.4870
227 2.1684 0.5764 2.1102 0.7119 2.0026 0.4926
228 2.1779 0.5796 2.1188 0.7068 2.0042 0.4902
229 2.1875 0.5823 2.1226 0.7118 2.0136 0.4937
230 2.1970 0.5853 2.1229 0.7156 2.0112 0.4995
231 2.2065 0.5885 2.1253 0.7193 2.0145 0.5010
232 2.2160 0.5916 2.1314 0.7228 2.0245 0.5008
233 2.2255 0.5948 2.1390 0.7260 2.0344 0.5019
234 2.2349 0.5981 2.1473 0.7290 2.0443 0.5036
235 2.2444 0.6014 2.1560 0.7318 2.0541 0.5055
236 2.2536 0.6053 2.1648 0.7345 2.0639 0.5074
237 2.2628 0.6092 2.1689 0.7329 2.0738 0.5092
238 2.2720 0.6131 2.1784 0.7361 2.0835 0.5114
239 2.2633 0.6082 2.1879 0.7394 2.0934 0.5131
240 2.2728 0.6112 2.1973 0.7426 2.0991 0.5149
241 2.2823 0.6143 2.1991 0.7419 2.1027 0.5190
242 2.2918 0.6174 2.2075 0.7473 2.1110 0.5223
243 2.3010 0.6214 2.2131 0.7523 2.1119 0.5293
244 2.3102 0.6254 2.2156 0.7515 2.1168 0.5303
245 2.3193 0.6295 2.2209 0.7511 2.1268 0.5305
246 2.3285 0.6335 2.2301 0.7550 2.1367 0.5317
247 2.3197 0.6287 2.2394 0.7587 2.1467 0.5328
248 2.3292 0.6318 2.2485 0.7629 2.1533 0.5343
249 2.3387 0.6351 2.2517 0.7631 2.1579 0.5381
250 2.3481 0.6383 2.2598 0.7682 2.1665 0.5417
251 2.3575 0.6417 2.2646 0.7688 2.1731 0.5454
252 2.3670 0.6450 2.2733 0.7738 2.1823 0.5492
253 2.3761 0.6491 2.2823 0.7781 2.1889 0.5521
254 2.3852 0.6532 2.2914 0.7822 2.1978 0.5533
255 2.3943 0.6574 2.3006 0.7861 2.2077 0.5542
256 2.3857 0.6523 2.3098 0.7901 2.2176 0.5555
257 2.3952 0.6554 2.3193 0.7933 2.2238 0.5574
258 2.4046 0.6588 2.3226 0.7938 2.2276 0.5636
259 2.4140 0.6621 2.3307 0.7998 2.2341 0.5696
260 2.4233 0.6658 2.3362 0.8058 2.2435 0.5729
261 2.4144 0.6613 2.3358 0.8052 2.2351 0.5783
262 2.4237 0.6650 2.3400 0.8043 2.2282 0.5789
263 2.4330 0.6686 2.3429 0.8052 2.2382 0.5788
264 2.4424 0.6721 2.3476 0.8068 2.2481 0.5805
265 2.4518 0.6756 2.3540 0.8088 2.2580 0.5814
266 2.4611 0.6791 2.3623 0.8142 2.2677 0.5838
267 2.4701 0.6835 2.3709 0.8193 2.2697 0.5905
268 2.4790 0.6880 2.3749 0.8203 2.2751 0.5923
269 2.4880 0.6925 2.3816 0.8216 2.2851 0.5932
270 2.4969 0.6970 2.3898 0.8230 2.2949 0.5952
271 2.5056 0.7020 2.3997 0.8227 2.3046 0.5976
272 2.4962 0.6986 2.4094 0.8254 2.3142 0.6003
273 2.5055 0.7021 2.4156 0.8332 2.3210 0.6037
274 2.5145 0.7064 2.4218 0.8411 2.3259 0.6107
275 2.5235 0.7108 2.4253 0.8441 2.3298 0.6139
276 2.5325 0.7152 2.4319 0.8470 2.3388 0.6152
277 2.5414 0.7197 2.4405 0.8521 2.3486 0.6172
278 2.5504 0.7241 2.4493 0.8569 2.3584 0.6194
279 2.5417 0.7191 2.4581 0.8616 2.3681 0.6217
280 2.5511 0.7226 2.4671 0.8660 2.3746 0.6250
281 2.5604 0.7263 2.4726 0.8688 2.3820 0.6317
282 2.5697 0.7299 2.4773 0.8723 2.3916 0.6345
283 2.5786 0.7345 2.4805 0.8750 2.4005 0.6391
284 2.5874 0.7392 2.4870 0.8776 2.4096 0.6431
285 2.5787 0.7344 2.4949 0.8801 2.4019 0.6495
286 2.5880 0.7381 2.5030 0.8825 2.3973 0.6493
287 2.5973 0.7417 2.5085 0.8859 2.4072 0.6512
288 2.6066 0.7454 2.5145 0.8898 2.4170 0.6531
289 2.6159 0.7491 2.5225 0.8957 2.4263 0.6568
290 2.6250 0.7532 2.5297 0.9026 2.4356 0.6605
291 2.6337 0.7581 2.5315 0.9043 2.4444 0.6652
292 2.6247 0.7536 2.5366 0.9061 2.4535 0.6694
293 2.6335 0.7585 2.5442 0.9075 2.4444 0.6737
294 2.6423 0.7632 2.5501 0.9100 2.4407 0.6738
295 2.6512 0.7679 2.5561 0.9131 2.4507 0.6741
296 2.6600 0.7725 2.5629 0.9167 2.4607 0.6738
297 2.6689 0.7772 2.5703 0.9205 2.4706 0.6749
298 2.6777 0.7819 2.5781 0.9245 2.4805 0.6767
299 2.6865 0.7865 2.5864 0.9288 2.4902 0.6790
