TimeStep Obstacle1_X Obstacle1_Y Obstacle2_X Obstacle2_Y Obstacle3_X Obstacle3_Y
0 0.9000 1.2000 2.1000 0.9000 1.2000 2.1000
1 0.9071 1.2071 2.1000 0.9100 1.1929 2.0929
2 0.9141 1.2141 2.1000 0.9200 1.1859 2.0859
3 0.9212 1.2212 2.1000 0.9300 1.1788 2.0788
4 0.9283 1.2283 2.1000 0.9400 1.1717 2.0717
5 0.9354 1.2354 2.1000 0.9500 1.1646 2.0646
6 0.9424 1.2424 2.1000 0.9600 1.1576 2.0576
7 0.9495 1.2495 2.1000 0.9700 1.1505 2.0505
8 0.9566 1.2566 2.1000 0.9800 1.1434 2.0434
9 0.9636 1.2636 2.1000 0.9900 1.1364 2.0364
10 0.9707 1.2707 2.1000 1.0000 1.1293 2.0293
11 0.9778 1.2778 2.1000 1.0100 1.1222 2.0222
12 0.9849 1.2849 2.1000 1.0200 1.1151 2.0151
13 0.9919 1.2919 2.1000 1.0300 1.1081 2.0081
14 0.9990 1.2990 2.1000 1.0400 1.1010 2.0010
15 1.0061 1.3061 2.1000 1.0500 1.0939 1.9939
16 1.0131 1.3131 2.1000 1.0600 1.0869 1.9869
17 1.0202 1.3202 2.1000 1.0700 1.0798 1.9798
18 1.0273 1.3273 2.1000 1.0800 1.0727 1.9727
19 1.0344 1.3344 2.1000 1.0900 1.0656 1.9656
20 1.0414 1.3414 2.1000 1.1000 1.0586 1.9586
21 1.0485 1.3485 2.1000 1.1100 1.0515 1.9515
22 1.0556 1.3556 2.1000 1.1200 1.0444 1.9444
23 1.0626 1.3626 2.1000 1.1300 1.0374 1.9374
24 1.0697 1.3697 2.1000 1.1400 1.0303 1.9303
25 1.0768 1.3768 2.1000 1.1500 1.0232 1.9232
26 1.0838 1.3838 2.1000 1.1600 1.0162 1.9162
27 1.0909 1.3909 2.1000 1.1700 1.0091 1.9091
28 1.0980 1.3980 2.1000 1.1800 1.0020 1.9020
29 1.1051 1.4051 2.1000 1.1900 0.9949 1.8949
30 1.1121 1.4121 2.1000 1.2000 0.9879 1.8879
31 1.1192 1.4192 2.1000 1.2100 0.9808 1.8808
32 1.1263 1.4263 2.1000 1.2200 0.9737 1.8737
33 1.1333 1.4333 2.1000 1.2300 0.9667 1.8667
34 1.1404 1.4404 2.1000 1.2400 0.9596 1.8596
35 1.1475 1.4475 2.1000 1.2500 0.9525 1.8525
36 1.1546 1.4546 2.1000 1.2600 0.9454 1.8454
37 1.1616 1.4616 2.1000 1.2700 0.9384 1.8384
38 1.1687 1.4687 2.1000 1.2800 0.9313 1.8313
39 1.1758 1.4758 2.1000 1.2900 0.9242 1.8242
40 1.1828 1.4828 2.1000 1.3000 0.9172 1.8172
41 1.1899 1.4899 2.1000 1.3100 0.9101 1.8101
42 1.1970 1.4970 2.1000 1.3200 0.9030 1.8030
43 1.2041 1.5041 2.1000 1.3300 0.8959 1.7959
44 1.2111 1.5111 2.1000 1.3400 0.8889 1.7889
45 1.2182 1.5182 2.1000 1.3500 0.8818 1.7818
46 1.2253 1.5253 2.1000 1.3600 0.8747 1.7747
47 1.2323 1.5323 2.1000 1.3700 0.8677 1.7677
48 1.2394 1.5394 2.1000 1.3800 0.8606 1.7606
49 1.2465 1.5465 2.1000 1.3900 0.8535 1.7535
50 1.2536 1.5536 2.1000 1.4000 0.8464 1.7464
51 1.2606 1.5606 2.1000 1.4100 0.8394 1.7394
52 1.2677 1.5677 2.1000 1.4200 0.8323 1.7323
53 1.2748 1.5748 2.1000 1.4300 0.8252 1.7252
54 1.2818 1.5818 2.1000 1.4400 0.8182 1.7182
55 1.2889 1.5889 2.1000 1.4500 0.8111 1.7111
56 1.2960 1.5960 2.1000 1.4600 0.8040 1.7040
57 1.3031 1.6031 2.1000 1.4700 0.7969 1.6969
58 1.3101 1.6101 2.1000 1.4800 0.7899 1.6899
59 1.3172 1.6172 2.1000 1.4900 0.7828 1.6828
60 1.3243 1.6243 2.1000 1.5000 0.7757 1.6757
61 1.3313 1.6313 2.1000 1.5100 0.7687 1.6687
62 1.3384 1.6384 2.1000 1.5200 0.7616 1.6616
63 1.3455 1.6455 2.1000 1.5300 0.7545 1.6545
64 1.3525 1.6525 2.1000 1.5400 0.7475 1.6475
65 1.3596 1.6596 2.1000 1.5500 0.7404 1.6404
66 1.3667 1.6667 2.1000 1.5600 0.7333 1.6333
67 1.3738 1.6738 2.1000 1.5700 0.7262 1.6262
68 1.3808 1.6808 2.1000 1.5800 0.7192 1.6192
69 1.3879 1.6879 2.1000 1.5900 0.7121 1.6121
70 1.3950 1.6950 2.1000 1.6000 0.7050 1.6050
71 1.4020 1.7020 2.1000 1.6100 0.6980 1.5980
72 1.4091 1.7091 2.1000 1.6200 0.6909 1.5909
73 1.4162 1.7162 2.1000 1.6300 0.6838 1.5838
74 1.4233 1.7233 2.1000 1.6400 0.6767 1.5767
75 1.4303 1.7303 2.1000 1.6500 0.6697 1.5697
76 1.4374 1.7374 2.1000 1.6600 0.6626 1.5626
77 1.4445 1.7445 2.1000 1.6700 0.6555 1.5555
78 1.4515 1.7515 2.1000 1.6800 0.6485 1.5485
79 1.4586 1.7586 2.1000 1.6900 0.6414 1.5414
80 1.4657 1.7657 2.1000 1.7000 0.6343 1.5343
81 1.4728 1.7728 2.1000 1.7100 0.6272 1.5272
82 1.4798 1.7798 2.1000 1.7200 0.6202 1.5202
83 1.4869 1.7869 2.1000 1.7300 0.6131 1.5131
84 1.4940 1.7940 2.1000 1.7400 0.6060 1.5060
85 1.5010 1.8010 2.1000 1.7500 0.5990 1.4990
86 1.5081 1.8081 2.1000 1.7600 0.5919 1.4919
87 1.5152 1.8152 2.1000 1.7700 0.5848 1.4848
88 1.5223 1.8223 2.1000 1.7800 0.5777 1.4777
89 1.5293 1.8293 2.1000 1.7900 0.5707 1.4707
90 1.5364 1.8364 2.1000 1.8000 0.5636 1.4636
91 1.5435 1.8435 2.1000 1.8100 0.5565 1.4565
92 1.5505 1.8505 2.1000 1.8200 0.5495 1.4495
93 1.5576 1.8576 2.1000 1.8300 0.5424 1.4424
94 1.5647 1.8647 2.1000 1.8400 0.5353 1.4353
95 1.5718 1.8718 2.1000 1.8500 0.5282 1.4282
96 1.5788 1.8788 2.1000 1.8600 0.5212 1.4212
97 1.5859 1.8859 2.1000 1.8700 0.5141 1.4141
98 1.5930 1.8930 2.1000 1.8800 0.5070 1.4070
99 1.6000 1.9000 2.1000 1.8900 0.5000 1.4000
100 1.6071 1.9071 2.1000 1.9000 0.4929 1.3929
101 1.6142 1.9142 2.1000 1.9100 0.4858 1.3858
102 1.6212 1.9212 2.1000 1.9200 0.4788 1.3788
103 1.6283 1.9283 2.1000 1.9300 0.4717 1.3717
104 1.6354 1.9354 2.1000 1.9400 0.4646 1.3646
105 1.6425 1.9425 2.1000 1.9500 0.4575 1.3575
106 1.6495 1.9495 2.1000 1.9600 0.4505 1.3505
107 1.6566 1.9566 2.1000 1.9700 0.4434 1.3434
108 1.6637 1.9637 2.1000 1.9800 0.4363 1.3363
109 1.6707 1.9707 2.1000 1.9900 0.4293 1.3293
110 1.6778 1.9778 2.1000 2.0000 0.4222 1.3222
111 1.6849 1.9849 2.1000 2.0100 0.4151 1.3151
112 1.6920 1.9920 2.1000 2.0200 0.4080 1.3080
113 1.6990 1.9990 2.1000 2.0300 0.4010 1.3010
114 1.7061 2.0061 2.1000 2.0400 0.3939 1.2939
115 1.7132 2.0132 2.1000 2.0500 0.3868 1.2868
116 1.7202 2.0202 2.1000 2.0600 0.3798 1.2798
117 1.7273 2.0273 2.1000 2.0700 0.3727 1.2727
118 1.7344 2.0344 2.1000 2.0800 0.3656 1.2656
119 1.7415 2.0415 2.1000 2.0900 0.3585 1.2585
120 1.7485 2.0485 2.1000 2.1000 0.3515 1.2515
121 1.7556 2.0556 2.1000 2.1100 0.3444 1.2444
122 1.7627 2.0627 2.1000 2.1200 0.3373 1.2373
123 1.7697 2.0697 2.1000 2.1300 0.3303 1.2303
124 1.7768 2.0768 2.1000 2.1400 0.3232 1.2232
125 1.7839 2.0839 2.1000 2.1500 0.3161 1.2161
126 1.7910 2.0910 2.1000 2.1600 0.3090 1.2090
127 1.7980 2.0980 2.1000 2.1700 0.3020 1.2020
128 1.8051 2.1051 2.1000 2.1800 0.2949 1.1949
129 1.8122 2.1122 2.1000 2.1900 0.2878 1.1878
130 1.8192 2.1192 2.1000 2.2000 0.2808 1.1808
131 1.8263 2.1263 2.1000 2.2100 0.2737 1.1737
132 1.8334 2.1334 2.1000 2.2200 0.2666 1.1666
133 1.8405 2.1405 2.1000 2.2300 0.2595 1.1595
134 1.8475 2.1475 2.1000 2.2400 0.2525 1.1525
135 1.8546 2.1546 2.1000 2.2500 0.2454 1.1454
136 1.8617 2.1617 2.1000 2.2600 0.2383 1.1383
137 1.8687 2.1687 2.1000 2.2700 0.2313 1.1313
138 1.8758 2.1758 2.1000 2.2800 0.2242 1.1242
139 1.8829 2.1829 2.1000 2.2900 0.2200 1.1171
140 1.8899 2.1899 2.1000 2.3000 0.2271 1.1101
141 1.8970 2.1970 2.1000 2.3100 0.2341 1.1030
142 1.9041 2.2041 2.1000 2.3200 0.2412 1.0959
143 1.9112 2.2112 2.1000 2.3300 0.2483 1.0888
144 1.9182 2.2182 2.1000 2.3400 0.2554 1.0818
145 1.9253 2.2253 2.1000 2.3500 0.2624 1.0747
146 1.9324 2.2324 2.1000 2.3600 0.2695 1.0676
147 1.9394 2.2394 2.1000 2.3700 0.2766 1.0606
148 1.9465 2.2465 2.1000 2.3800 0.2836 1.0535
149 1.9536 2.2536 2.1000 2.3900 0.2907 1.0464
150 1.9607 2.2607 2.1000 2.4000 0.2978 1.0393
151 1.9677 2.2677 2.1000 2.4100 0.3049 1.0323
152 1.9748 2.2748 2.1000 2.4200 0.3119 1.0252
153 1.9819 2.2819 2.1000 2.4300 0.3190 1.0181
154 1.9889 2.2889 2.1000 2.4400 0.3261 1.0111
155 1.9960 2.2960 2.1000 2.4500 0.3331 1.0040
156 2.0031 2.3031 2.1000 2.4600 0.3402 0.9969
157 2.0102 2.3102 2.1000 2.4700 0.3473 0.9898
158 2.0172 2.3172 2.1000 2.4800 0.3544 0.9828
159 2.0243 2.3243 2.1000 2.4900 0.3614 0.9757
160 2.0314 2.3314 2.1000 2.5000 0.3685 0.9686
161 2.0384 2.3384 2.1000 2.5100 0.3756 0.9616
162 2.0455 2.3455 2.1000 2.5200 0.3826 0.9545
163 2.0526 2.3526 2.1000 2.5300 0.3897 0.9474
164 2.0597 2.3597 2.1000 2.5400 0.3968 0.9403
165 2.0667 2.3667 2.1000 2.5500 0.4038 0.9333
166 2.0738 2.3738 2.1000 2.5600 0.4109 0.9262
167 2.0809 2.3809 2.1000 2.5700 0.4180 0.9191
168 2.0879 2.3879 2.1000 2.5800 0.4251 0.9121
169 2.0950 2.3950 2.1000 2.5900 0.4321 0.9050
170 2.1021 2.4021 2.1000 2.6000 0.4392 0.8979
171 2.1092 2.4092 2.1000 2.6100 0.4463 0.8908
172 2.1162 2.4162 2.1000 2.6200 0.4533 0.8838
173 2.1233 2.4233 2.1000 2.6300 0.4604 0.8767
174 2.1304 2.4304 2.1000 2.6400 0.4675 0.8696
175 2.1374 2.4374 2.1000 2.6500 0.4746 0.8626
176 2.1445 2.4445 2.1000 2.6600 0.4816 0.8555
177 2.1516 2.4516 2.1000 2.6700 0.4887 0.8484
178 2.1587 2.4587 2.1000 2.6800 0.4958 0.8413
179 2.1657 2.4657 2.1000 2.6900 0.5028 0.8343
180 2.1728 2.4728 2.1000 2.7000 0.5099 0.8272
181 2.1799 2.4799 2.1000 2.7100 0.5170 0.8201
182 2.1869 2.4869 2.1000 2.7200 0.5241 0.8131
183 2.1940 2.4940 2.1000 2.7300 0.5311 0.8060
184 2.2011 2.5011 2.1000 2.7400 0.5382 0.7989
185 2.2081 2.5081 2.1000 2.7500 0.5453 0.7919
186 2.2152 2.5152 2.1000 2.7600 0.5523 0.7848
187 2.2223 2.5223 2.1000 2.7700 0.5594 0.7777
188 2.2294 2.5294 2.1000 2.7800 0.5665 0.7706
189 2.2364 2.5364 2.1000 2.7900 0.5736 0.7636
190 2.2435 2.5435 2.1000 2.8000 0.5806 0.7565
191 2.2506 2.5506 2.1000 2.8100 0.5877 0.7494
192 2.2576 2.5576 2.1000 2.8200 0.5948 0.7424
193 2.2647 2.5647 2.1000 2.8200 0.6018 0.7353
194 2.2718 2.5718 2.1000 2.8100 0.6089 0.7282
195 2.2789 2.5789 2.1000 2.8000 0.6160 0.7211
196 2.2859 2.5859 2.1000 2.7900 0.6231 0.7141
197 2.2930 2.5930 2.1000 2.7800 0.6301 0.7070
198 2.3001 2.6001 2.1000 2.7700 0.6372 0.6999
199 2.3071 2.6071 2.1000 2.7600 0.6443 0.6929
200 2.3142 2.6142 2.1000 2.7500 0.6513 0.6858
201 2.3213 2.6213 2.1000 2.7400 0.6584 0.6787
202 2.3284 2.6284 2.1000 2.7300 0.6655 0.6716
203 2.3354 2.6354 2.1000 2.7200 0.6725 0.6646
204 2.3425 2.6425 2.1000 2.7100 0.6796 0.6575
205 2.3496 2.6496 2.1000 2.7000 0.6867 0.6504
206 2.3566 2.6566 2.1000 2.6900 0.6938 0.6434
207 2.3637 2.6637 2.1000 2.6800 0.7008 0.6363
208 2.3708 2.6708 2.1000 2.6700 0.7079 0.6292
209 2.3779 2.6779 2.1000 2.6600 0.7150 0.6221
210 2.3849 2.6849 2.1000 2.6500 0.7220 0.6151
211 2.3920 2.6920 2.1000 2.6400 0.7291 0.6080
212 2.3991 2.6991 2.1000 2.6300 0.7362 0.6009
213 2.4061 2.7061 2.1000 2.6200 0.7433 0.5939
214 2.4132 2.7132 2.1000 2.6100 0.7503 0.5868
215 2.4203 2.7203 2.1000 2.6000 0.7574 0.5797
216 2.4274 2.7274 2.1000 2.5900 0.7645 0.5726
217 2.4344 2.7344 2.1000 2.5800 0.7715 0.5656
218 2.4415 2.7415 2.1000 2.5700 0.7786 0.5585
219 2.4486 2.7486 2.1000 2.5600 0.7857 0.5514
220 2.4556 2.7556 2.1000 2.5500 0.7928 0.5444
221 2.4627 2.7627 2.1000 2.5400 0.7998 0.5373
222 2.4698 2.7698 2.1000 2.5300 0.8069 0.5302
223 2.4768 2.7768 2.1000 2.5200 0.8140 0.5232
224 2.4839 2.7839 2.1000 2.5100 0.8210 0.5161
225 2.4910 2.7910 2.1000 2.5000 0.8281 0.5090
226 2.4981 2.7981 2.1000 2.4900 0.8352 0.5019
227 2.5051 2.8000 2.1000 2.4800 0.8423 0.4949
228 2.5122 2.7929 2.1000 2.4700 0.8493 0.4878
229 2.5193 2.7859 2.1000 2.4600 0.8564 0.4807
230 2.5263 2.7788 2.1000 2.4500 0.8635 0.4737
231 2.5334 2.7717 2.1000 2.4400 0.8705 0.4666
232 2.5405 2.7646 2.1000 2.4300 0.8776 0.4595
233 2.5476 2.7576 2.1000 2.4200 0.8847 0.4524
234 2.5546 2.7505 2.1000 2.4100 0.8918 0.4454
235 2.5617 2.7434 2.1000 2.4000 0.8988 0.4383
236 2.5688 2.7364 2.1000 2.3900 0.9059 0.4312
237 2.5758 2.7293 2.1000 2.3800 0.9130 0.4242
238 2.5829 2.7222 2.1000 2.3700 0.9200 0.4171
239 2.5900 2.7151 2.1000 2.3600 0.9271 0.4100
240 2.5971 2.7081 2.1000 2.3500 0.9342 0.4029
241 2.6041 2.7010 2.1000 2.3400 0.9412 0.3959
242 2.6112 2.6939 2.1000 2.3300 0.9483 0.3888
243 2.6183 2.6869 2.1000 2.3200 0.9554 0.3817
244 2.6253 2.6798 2.1000 2.3100 0.9625 0.3747
245 2.6324 2.6727 2.1000 2.3000 0.9695 0.3676
246 2.6395 2.6656 2.1000 2.2900 0.9766 0.3605
247 2.6466 2.6586 2.1000 2.2800 0.9837 0.3534
248 2.6536 2.6515 2.1000 2.2700 0.9907 0.3464
249 2.6607 2.6444 2.1000 2.2600 0.9978 0.3393
250 2.6678 2.6374 2.1000 2.2500 1.0049 0.3322
251 2.6748 2.6303 2.1000 2.2400 1.0120 0.3252
252 2.6819 2.6232 2.1000 2.2300 1.0190 0.3181
253 2.6890 2.6162 2.1000 2.2200 1.0261 0.3110
254 2.6961 2.6091 2.1000 2.2100 1.0332 0.3039
255 2.7031 2.6020 2.1000 2.2000 1.0402 0.2969
256 2.7102 2.5949 2.1000 2.1900 1.0473 0.2898
257 2.7173 2.5879 2.1000 2.1800 1.0544 0.2827
258 2.7243 2.5808 2.1000 2.1700 1.0615 0.2757
259 2.7314 2.5737 2.1000 2.1600 1.0685 0.2686
260 2.7385 2.5667 2.1000 2.1500 1.0756 0.2615
261 2.7455 2.5596 2.1000 2.1400 1.0827 0.2545
262 2.7526 2.5525 2.1000 2.1300 1.0897 0.2474
263 2.7597 2.5454 2.1000 2.1200 1.0968 0.2403
264 2.7668 2.5384 2.1000 2.1100 1.1039 0.2332
265 2.7738 2.5313 2.1000 2.1000 1.1110 0.2262
266 2.7809 2.5242 2.1000 2.0900 1.1180 0.2200
267 2.7880 2.5172 2.1000 2.0800 1.1251 0.2271
268 2.7950 2.5101 2.1000 2.0700 1.1322 0.2341
269 2.8000 2.5030 2.1000 2.0600 1.1392 0.2412
270 2.7929 2.4959 2.1000 2.0500 1.1463 0.2483
271 2.7859 2.4889 2.1000 2.0400 1.1534 0.2554
272 2.7788 2.4818 2.1000 2.0300 1.1605 0.2624
273 2.7717 2.4747 2.1000 2.0200 1.1675 0.2695
274 2.7646 2.4677 2.1000 2.0100 1.1746 0.2766
275 2.7576 2.4606 2.1000 2.0000 1.1817 0.2836
276 2.7505 2.4535 2.1000 1.9900 1.1887 0.2907
277 2.7434 2.4464 2.1000 1.9800 1.1958 0.2978
278 2.7364 2.4394 2.1000 1.9700 1.2029 0.3049
279 2.7293 2.4323 2.1000 1.9600 1.2099 0.3119
280 2.7222 2.4252 2.1000 1.9500 1.2170 0.3190
281 2.7151 2.4182 2.1000 1.9400 1.2241 0.3261
282 2.7081 2.4111 2.1000 1.9300 1.2312 0.3331
283 2.7010 2.4040 2.1000 1.9200 1.2382 0.3402
284 2.6939 2.3969 2.1000 1.9100 1.2453 0.3473
285 2.6869 2.3899 2.1000 1.9000 1.2524 0.3544
286 2.6798 2.3828 2.1000 1.8900 1.2594 0.3614
287 2.6727 2.3757 2.1000 1.8800 1.2665 0.3685
288 2.6656 2.3687 2.1000 1.8700 1.2736 0.3756
289 2.6586 2.3616 2.1000 1.8600 1.2807 0.3826
290 2.6515 2.3545 2.1000 1.8500 1.2877 0.3897
291 2.6444 2.3475 2.1000 1.8400 1.2948 0.3968
292 2.6374 2.3404 2.1000 1.8300 1.3019 0.4038
293 2.6303 2.3333 2.1000 1.8200 1.3089 0.4109
294 2.6232 2.3262 2.1000 1.8100 1.3160 0.4180
295 2.6162 2.3192 2.1000 1.8000 1.3231 0.4251
296 2.6091 2.3121 2.1000 1.7900 1.3302 0.4321
297 2.6020 2.3050 2.1000 1.7800 1.3372 0.4392
298 2.5949 2.2980 2.1000 1.7700 1.3443 0.4463
299 2.5879 2.2909 2.1000 1.7600 1.3514 0.4533
