TimeStep Target1_X Target1_Y Target2_X Target2_Y
0 1.5000 1.5000
1 1.5088 1.4953
2 1.5233 1.4889
3 1.5396 1.4819
4 1.5510 1.4734
5 1.5577 1.4687
6 1.5657 1.4628
7 1.5719 1.4577
8 1.5761 1.4487
9 1.5776 1.4407
10 1.5789 1.4308
11 1.5788 1.4226
12 1.5783 1.4127
13 1.5771 1.4027
14 1.5752 1.3929
15 1.5724 1.3833
16 1.5710 1.3734
17 1.5699 1.3635
18 1.5694 1.3535
19 1.5681 1.3436
20 1.5676 1.3336
21 1.5673 1.3236
22 1.5714 1.3144
23 1.5694 1.3046
24 1.5683 1.2947
25 1.5677 1.2847
26 1.5674 1.2747
27 1.5717 1.2657
28 1.5696 1.2559
29 1.5685 1.2460
30 1.5680 1.2360
31 1.5678 1.2260
32 1.5677 1.2160
33 1.5722 1.2071
34 1.5700 1.1973
35 1.5689 1.1874
36 1.5683 1.1774
37 1.5680 1.1674
38 1.5679 1.1574
39 1.5678 1.1474
40 1.5726 1.1387
41 1.5654 1.1318
42 1.5723 1.1245
43 1.5649 1.1178
44 1.5742 1.1141
45 1.5666 1.1076
46 1.5596 1.1004
47 1.5529 1.0930
48 1.5479 1.0844
49 1.5447 1.0749
50 1.5421 1.0652
51 1.5394 1.0556
52 1.5367 1.0460
53 1.5321 1.0371
54 1.5365 1.0281
55 1.5308 1.0199
56 1.5312 1.0100
57 1.5260 1.0015
58 1.5289 0.9937
59 1.5228 0.9858
60 1.5188 0.9771
61 1.5139 0.9684
62 1.5097 0.9594
63 1.5195 0.9574
64 1.5129 0.9498
65 1.5074 0.9415
66 1.5079 0.9373
67 1.5004 0.9308
68 1.5103 0.9295
69 1.5015 0.9249
70 1.4993 0.9188
71 1.4951 0.9153
72 1.5026 0.9218
73 1.5125 0.9235
74 1.5224 0.9244
75 1.5315 0.9286
76 1.5409 0.9320
77 1.5509 0.9313
78 1.5608 0.9299
79 1.5590 0.9201
80 1.5571 0.9102
81 1.5661 0.9059
82 1.5725 0.8982
83 1.5762 0.8889
84 1.5774 0.8914
85 1.5695 0.8853
86 1.5777 0.8796
87 1.5700 0.8732
88 1.5634 0.8657
89 1.5732 0.8637
90 1.5686 0.8548
91 1.5647 0.8456
92 1.5647 0.8391
93 1.5598 0.8313
94 1.5698 0.8306
95 1.5646 0.8220
96 1.5745 0.8201
97 1.5682 0.8123
98 1.5648 0.8029
99 1.5676 0.7979
100 1.5610 0.7904
101 1.5710 0.7902
102 1.5658 0.7816
103 1.5757 0.7803
104 1.5691 0.7728
105 1.5663 0.7646
106 1.5763 0.7639
107 1.5720 0.7549
108 1.5692 0.7480
109 1.5681 0.7433
110 1.5781 0.7426
111 1.5719 0.7348
112 1.5818 0.7336
113 1.5748 0.7264
114 1.5847 0.7250
115 1.5781 0.7175
116 1.5770 0.7108
117 1.5870 0.7102
118 1.5818 0.7017
119 1.5798 0.6964
120 1.5898 0.6964
121 1.5842 0.6881
122 1.5941 0.6875
123 1.5885 0.6793
124 1.5984 0.6787
125 1.5930 0.6703
126 1.5911 0.6660
127 1.6003 0.6699
128 1.6103 0.6692
129 1.6198 0.6661
130 1.6143 0.6577
131 1.6116 0.6502
132 1.6216 0.6501
133 1.6175 0.6409
134 1.6162 0.6378
135 1.6262 0.6386
136 1.6209 0.6301
137 1.6309 0.6306
138 1.6245 0.6229
139 1.6339 0.6263
140 1.6439 0.6255
141 1.6373 0.6179
142 1.6473 0.6172
143 1.6413 0.6091
144 1.6513 0.6098
145 1.6456 0.6015
146 1.6556 0.6027
147 1.6499 0.5945
148 1.6568 0.6018
149 1.6668 0.6022
150 1.6766 0.6002
151 1.6860 0.5969
152 1.6938 0.5907
153 1.6871 0.5832
154 1.6776 0.5801
155 1.6688 0.5755
156 1.6604 0.5721
157 1.6695 0.5763
158 1.6793 0.5786
159 1.6893 0.5785
160 1.6991 0.5767
161 1.7089 0.5749
162 1.7018 0.5679
163 1.7118 0.5686
164 1.7218 0.5695
165 1.7318 0.5695
166 1.7269 0.5608
167 1.7368 0.5594
168 1.7468 0.5600
169 1.7387 0.5541
170 1.7294 0.5504
171 1.7393 0.5486
172 1.7301 0.5446
173 1.7377 0.5511
174 1.7469 0.5550
175 1.7566 0.5574
176 1.7646 0.5570
177 1.7737 0.5570
178 1.7828 0.5567
179 1.7926 0.5568
180 1.8025 0.5570
181 1.7942 0.5514
182 1.8032 0.5557
183 1.8128 0.5586
184 1.8227 0.5598
185 1.8324 0.5600
186 1.8400 0.5577
187 1.8454 0.5548
188 1.8533 0.5487
189 1.8435 0.5467
190 1.8343 0.5429
191 1.8443 0.5432
192 1.8350 0.5393
193 1.8253 0.5370
194 1.8328 0.5436
195 1.8413 0.5489
196 1.8502 0.5535
197 1.8596 0.5567
198 1.8695 0.5584
199 1.8787 0.5592
200 1.8883 0.5604
201 1.8979 0.5619
202 1.9075 0.5637
203 1.9170 0.5657
204 1.9241 0.5650
205 1.9270 0.5631
206 1.9369 0.5637
207 1.9469 0.5650
208 1.9568 0.5664
209 1.9666 0.5679
210 1.9750 0.5734
211 1.9718 0.5639
212 1.9818 0.5639
213 1.9718 0.5644
214 1.9816 0.5665
215 1.9842 0.5711
216 1.9804 0.5708
217 1.9897 0.5735
218 1.9989 0.5752
219 2.0089 0.5762
220 2.0188 0.5776
221 2.0284 0.5804
222 2.0267 0.5773
223 2.0322 0.5805
224 2.0421 0.5822
225 2.0518 0.5847
226 2.0427 0.5805
227 2.0524 0.5829
228 2.0552 0.5925
229 2.0499 0.5908
230 2.0544 0.5933
231 2.0637 0.5970
232 2.0721 0.5993
233 2.0813 0.6014
234 2.0910 0.6038
235 2.1007 0.6062
236 2.1106 0.6078
237 2.1200 0.6110
238 2.1300 0.6118
239 2.1399 0.6130
240 2.1404 0.6148
241 2.1476 0.6218
242 2.1453 0.6219
243 2.1552 0.6235
244 2.1644 0.6274
245 2.1738 0.6309
246 2.1837 0.6318
247 2.1937 0.6331
248 2.1948 0.6347
249 2.2020 0.6417
250 2.2088 0.6432
251 2.2166 0.6494
252 2.2251 0.6496
253 2.2349 0.6513
254 2.2447 0.6533
255 2.2545 0.6554
256 2.2643 0.6576
257 2.2616 0.6612
258 2.2672 0.6695
259 2.2636 0.6711
260 2.2642 0.6611
261 2.2730 0.6657
262 2.2804 0.6725
263 2.2885 0.6783
264 2.2968 0.6839
265 2.3044 0.6903
266 2.3005 0.6824
267 2.3100 0.6854
268 2.3190 0.6897
269 2.3281 0.6938
270 2.3373 0.6977
271 2.3466 0.7015
272 2.3564 0.7032
273 2.3557 0.7070
274 2.3654 0.7093
275 2.3743 0.7138
276 2.3833 0.7182
277 2.3929 0.7210
278 2.4025 0.7238
279 2.4121 0.7267
280 2.4112 0.7322
281 2.4163 0.7408
282 2.4144 0.7357
283 2.4244 0.7357
284 2.4344 0.7361
285 2.4430 0.7411
286 2.4474 0.7501
287 2.4542 0.7574
288 2.4593 0.7660
289 2.4535 0.7651
290 2.4552 0.7552
291 2.4651 0.7566
292 2.4750 0.7580
293 2.4833 0.7636
294 2.4917 0.7691
295 2.5004 0.7740
296 2.5090 0.7790
297 2.5178 0.7838
298 2.5267 0.7885
299 2.5356 0.7929
