0.000000000000000000e+00
6.051816298636471417e-06
1.558441148267648643e-05
3.430544859176643945e-05
4.513527587062134399e-05
4.547868131434568709e-05
5.934723828588775213e-05
6.312693157173417319e-05
5.162420544957012272e-05
4.632685983921086201e-05
3.683611541436119158e-05
2.678244996499141309e-05
2.318278721949394356e-05
2.225165598261755448e-05
8.326989598074336271e-06
4.639502686000217101e-09
1.442173717106895671e-05
6.424880396802712000e-05
8.296199473432561144e-05
1.892560821552533902e-04
2.902267507687626789e-04
3.757092522040795103e-04
4.934141744336646316e-04
5.139474235987931449e-04
5.109318101845884219e-04
5.814059008835623099e-04
5.961954477597444227e-04
5.639597056641913048e-04
6.673035650144521673e-04
6.035439996862306108e-04
6.636155881522036925e-04
5.469087841565594852e-04
5.110601134623657263e-04
5.587095560910722855e-04
4.396136815450012018e-04
5.078306725967187936e-04
4.137078905238018097e-04
3.859479115800985524e-04
4.197490021158828497e-04
4.010748780584768008e-04
3.321077813226937150e-04
2.824299443236000045e-04
2.493455665064960567e-04
2.471084214484378411e-04
2.395352922782259303e-04
1.774695125432764885e-04
2.002903750056529632e-04
1.926102626167903618e-04
1.659673273812454499e-04
9.586954539716472702e-05
4.654981924563157707e-05
5.393403155484413495e-05
2.295858439514739571e-05
1.568410560101848712e-05
8.633563477538241354e-06
1.499167525986972550e-06
2.100921080205830166e-06
1.311343984208941152e-06
2.466988446574646873e-05
2.697236431243030927e-05
3.287925583063594693e-05
4.707667102224307511e-05
9.331303904304861238e-05
6.386841173717352279e-05
8.091248169918481298e-05
6.881835523905497319e-05
9.010851972796116020e-05
9.548585656909816045e-05
1.304009724908563152e-04
1.303456108169402129e-04
1.388863740669357770e-04
1.254134382059246447e-04
1.379596444932423014e-04
1.621310315608527099e-04
1.169336431129575820e-04
7.860164855608389365e-05
4.920355084392367316e-05
6.457191018990105804e-05
4.684782018512520719e-05
6.146851784953784315e-05
3.616580163373149228e-05
3.253736284450305696e-05
3.670525176288513846e-05
6.218384360472807668e-05
8.690206707267502610e-05
4.000067755380183181e-05
4.187771321097102754e-05
2.715879429718572624e-05
1.662320744720235019e-05
3.450970349374411165e-05
1.053559913420082898e-05
1.421694433069170814e-05
3.282769706024849394e-05
6.147616069427180537e-05
5.418533261744938855e-05
4.861903431188608574e-05
1.010650841961563358e-05
1.857397401055055523e-05
1.202958913229599138e-05
1.529065350595604068e-07
6.635439054038473540e-06
2.827737406873827460e-08
3.954447079856988961e-06
7.900866661140446644e-06
8.861781946213132923e-06
8.421657814994136152e-06
8.147279728693181331e-06
1.500845514967979413e-05
3.705684294719841057e-05
4.170043957406856851e-05
6.007956941652710511e-05
6.050452606871190318e-05
5.052604124154055481e-05
4.452406837960026353e-05
4.441717876607731121e-05
5.481004126863634764e-05
6.696950999873930034e-05
5.095618647821982663e-05
5.088821904139293183e-05
3.444519473199636971e-05
6.864046254902110545e-05
3.204042429511019352e-05
4.437386394979608650e-05
5.883000038912203421e-05
4.070181070452766125e-05
5.643331933995495141e-05
2.473652227704254187e-05
1.291352044008671006e-06
4.506507203658288539e-06
1.699304126205912602e-05
4.681980082595344499e-06
1.868691320067333465e-06
2.369891387988657696e-05
4.082367211365766274e-05
6.539077350069738082e-05
1.485408341376717773e-05
2.328871673897583600e-05
2.845225847827657472e-05
4.188956979108801495e-05
3.718379974561549552e-05
1.601841185586929566e-05
5.133711968470868365e-05
4.204410390630893062e-05
4.606330157851455084e-05
7.492760934892415221e-05
9.230514866533117606e-05
6.329246207083191755e-05
2.921954891839093464e-05
2.314128899950745517e-05
2.349853593002356624e-05
6.483595502196598092e-06
2.014672511751783540e-05
4.911745699174890396e-05
3.846514922553824256e-05
5.768636554415079221e-05
4.327932731482263560e-05
4.303920204600779901e-05
2.770985744250539662e-05
3.696767044735717111e-05
9.939029019518029644e-06
1.004915579505761530e-05
1.742602606391848854e-05
2.897155918723908269e-05
3.136909739824799277e-05
1.399324474950776802e-05
2.757337682271476041e-05
5.817047536950389284e-05
3.799566313376117119e-05
7.108161995246063019e-05
6.932102394301805552e-05
5.339789589132065998e-05
6.933686528180028679e-05
4.522450197179278563e-05
4.155027025643038738e-05
2.987961362940875308e-05
6.694917227027961037e-05
2.831552299003367798e-05
2.861043165339123865e-05
6.246378199752458411e-05
2.612509040705804844e-05
2.958920473829840505e-05
2.636060777568487740e-05
3.021693317819238678e-05
5.840527436169366338e-05
1.850665804797987498e-05
1.984032704289556207e-05
3.045509526452847972e-05
6.899234474094292490e-05
5.703449944362298405e-05
4.188544743588387876e-05
2.294257307859145294e-05
2.208776413303967408e-05
2.518968448503401678e-05
6.821617338273615405e-06
5.669046610441925619e-06
3.858973884983601683e-08
8.982541256115236365e-08
6.380114656522606334e-07
3.193030700662497658e-06
1.656313871458604209e-05
4.090286077932735566e-06
7.841205888867631055e-07
7.614491433067137793e-06
8.334844360333833096e-08
1.670131640056894045e-06
9.356396051034211899e-08
1.064375878034906358e-05
1.935482523334765749e-07
3.518769695065357441e-06
8.363042842261211827e-06
1.100044679788508165e-05
1.707653933894656787e-06
5.213446640357241779e-06
2.745149093538974816e-05
1.630395570606165906e-05
1.453970417149741066e-05
1.269321872764012962e-05
3.406979091377770994e-06
7.416574741262443018e-06
1.802838113586003905e-05
7.831379378881647417e-06
8.627115371770931185e-06
1.074849898993362610e-05
8.584535520834175651e-06
1.626190133524966082e-05
4.543827071210507744e-05
5.472297732845900897e-05
9.615725418527610669e-05
9.667273108795884726e-05
6.056962565737715969e-05
6.928953067418766490e-05
1.611694004044740300e-05
1.915667380311110600e-05
5.785842316060780037e-06
7.554594415623998393e-06
3.550984369259370294e-06
9.618281038544047063e-07
2.273828121972428115e-06
1.073223102721117413e-05
1.419321213178549174e-05
3.061510451371896572e-05
4.325673626478535944e-05
5.464429491738620774e-05
1.254462718354229099e-05
1.578384735912875740e-05
1.100899329642197000e-05
1.474696314260164065e-05
9.896690619775378622e-06
5.517282341555150361e-06
2.423567130028696245e-05
8.305764545680031704e-06
1.163360884780731801e-06
2.437144325720656574e-06
1.354166470077703133e-05
3.309971484140128865e-07
3.510135555923840604e-06
5.087981767920087700e-06
1.712200559182538256e-06
2.916797961987888896e-06
2.306561617348157294e-06
2.938044404925845767e-06
3.759894449798372889e-06
1.107271637358060369e-05
1.100856081405525650e-05
2.116910113602011470e-05
2.734296603130646235e-05
4.427276871761914021e-05
2.718161563104062495e-05
2.965389622919218388e-05
2.473693829738694643e-05
3.033863625136271543e-05
3.790128773515134028e-05
2.124033113494459867e-05
4.596435967817153303e-05
1.459909019655746470e-05
2.200767614988448619e-05
1.747154703834623412e-05
2.264940612498594224e-05
1.600365338060642017e-05
1.571748859448213263e-05
1.609028739139527515e-05
3.208737946802741432e-05
6.100275417718193749e-05
2.570360329301202092e-05
2.826668061425446321e-05
4.092365637162468961e-05
3.753684320406254992e-05
4.264178869113784392e-05
3.869928171129441853e-05
2.372098197216930898e-05
1.680672980812434876e-05
5.784769214159014764e-06
9.447304663486241625e-06
5.732661146015554553e-06
8.216508334896744436e-06
8.908148101489348077e-06
1.613454504320488656e-05
1.083951615878502728e-05
3.765632820912401487e-06
0.000000000000000000e+00
0.000000000000000000e+00
0.000000000000000000e+00
0.000000000000000000e+00
0.000000000000000000e+00
0.000000000000000000e+00
0.000000000000000000e+00
0.000000000000000000e+00
0.000000000000000000e+00
0.000000000000000000e+00
0.000000000000000000e+00
0.000000000000000000e+00
0.000000000000000000e+00
0.000000000000000000e+00
0.000000000000000000e+00
0.000000000000000000e+00
0.000000000000000000e+00
0.000000000000000000e+00
0.000000000000000000e+00
0.000000000000000000e+00
0.000000000000000000e+00
0.000000000000000000e+00
0.000000000000000000e+00
0.000000000000000000e+00
0.000000000000000000e+00
0.000000000000000000e+00
0.000000000000000000e+00
0.000000000000000000e+00
0.000000000000000000e+00
0.000000000000000000e+00
0.000000000000000000e+00
0.000000000000000000e+00
0.000000000000000000e+00
0.000000000000000000e+00
0.000000000000000000e+00
0.000000000000000000e+00
0.000000000000000000e+00
0.000000000000000000e+00
0.000000000000000000e+00
0.000000000000000000e+00
0.000000000000000000e+00
0.000000000000000000e+00
0.000000000000000000e+00
0.000000000000000000e+00
0.000000000000000000e+00
0.000000000000000000e+00
0.000000000000000000e+00
0.000000000000000000e+00
0.000000000000000000e+00
0.000000000000000000e+00
0.000000000000000000e+00
0.000000000000000000e+00
0.000000000000000000e+00
0.000000000000000000e+00
0.000000000000000000e+00
0.000000000000000000e+00
0.000000000000000000e+00
0.000000000000000000e+00
0.000000000000000000e+00
0.000000000000000000e+00
0.000000000000000000e+00
0.000000000000000000e+00
0.000000000000000000e+00
0.000000000000000000e+00
0.000000000000000000e+00
0.000000000000000000e+00
0.000000000000000000e+00
0.000000000000000000e+00
0.000000000000000000e+00
0.000000000000000000e+00
0.000000000000000000e+00
0.000000000000000000e+00
0.000000000000000000e+00
0.000000000000000000e+00
0.000000000000000000e+00
0.000000000000000000e+00
0.000000000000000000e+00
0.000000000000000000e+00
0.000000000000000000e+00
0.000000000000000000e+00
0.000000000000000000e+00
0.000000000000000000e+00
0.000000000000000000e+00
0.000000000000000000e+00
0.000000000000000000e+00
0.000000000000000000e+00
0.000000000000000000e+00
0.000000000000000000e+00
0.000000000000000000e+00
0.000000000000000000e+00
0.000000000000000000e+00
0.000000000000000000e+00
0.000000000000000000e+00
0.000000000000000000e+00
0.000000000000000000e+00
0.000000000000000000e+00
0.000000000000000000e+00
0.000000000000000000e+00
0.000000000000000000e+00
0.000000000000000000e+00
0.000000000000000000e+00
0.000000000000000000e+00
0.000000000000000000e+00
0.000000000000000000e+00
0.000000000000000000e+00
0.000000000000000000e+00
0.000000000000000000e+00
0.000000000000000000e+00
0.000000000000000000e+00
0.000000000000000000e+00
0.000000000000000000e+00
0.000000000000000000e+00
0.000000000000000000e+00
0.000000000000000000e+00
0.000000000000000000e+00
0.000000000000000000e+00
0.000000000000000000e+00
0.000000000000000000e+00
0.000000000000000000e+00
0.000000000000000000e+00
0.000000000000000000e+00
0.000000000000000000e+00
0.000000000000000000e+00
0.000000000000000000e+00
0.000000000000000000e+00
0.000000000000000000e+00
0.000000000000000000e+00
0.000000000000000000e+00
0.000000000000000000e+00
0.000000000000000000e+00
0.000000000000000000e+00
0.000000000000000000e+00
0.000000000000000000e+00
0.000000000000000000e+00
0.000000000000000000e+00
0.000000000000000000e+00
0.000000000000000000e+00
0.000000000000000000e+00
0.000000000000000000e+00
0.000000000000000000e+00
0.000000000000000000e+00
0.000000000000000000e+00
0.000000000000000000e+00
0.000000000000000000e+00
0.000000000000000000e+00
0.000000000000000000e+00
0.000000000000000000e+00
0.000000000000000000e+00
0.000000000000000000e+00
0.000000000000000000e+00
0.000000000000000000e+00
