2.999615669250488281e-02
1.566672325134277344e-02
1.498508453369140625e-02
1.813960075378417969e-02
2.129006385803222656e-02
1.655244827270507812e-02
1.620197296142578125e-02
1.828241348266601562e-02
1.607918739318847656e-02
1.776027679443359375e-02
1.217985153198242188e-02
1.464509963989257812e-02
1.388478279113769531e-02
4.102563858032226562e-02
1.285195350646972656e-02
1.261544227600097656e-02
1.246070861816406250e-02
1.203823089599609375e-02
1.450037956237792969e-02
1.575160026550292969e-02
1.298117637634277344e-02
1.399159431457519531e-02
1.445055007934570312e-02
1.199650764465332031e-02
1.356792449951171875e-02
1.231527328491210938e-02
1.388382911682128906e-02
1.338481903076171875e-02
1.327061653137207031e-02
1.456165313720703125e-02
1.244091987609863281e-02
1.296782493591308594e-02
1.298546791076660156e-02
1.241898536682128906e-02
1.345896720886230469e-02
1.252412796020507812e-02
1.269173622131347656e-02
1.281619071960449219e-02
1.258230209350585938e-02
1.354098320007324219e-02
1.203179359436035156e-02
1.287317276000976562e-02
1.260447502136230469e-02
1.323676109313964844e-02
1.251649856567382812e-02
1.237249374389648438e-02
1.202988624572753906e-02
1.218986511230468750e-02
1.314163208007812500e-02
1.426315307617187500e-02
1.214647293090820312e-02
1.364660263061523438e-02
1.370716094970703125e-02
1.125669479370117188e-02
1.156616210937500000e-02
1.315259933471679688e-02
1.293754577636718750e-02
1.489639282226562500e-02
1.272463798522949219e-02
1.253175735473632812e-02
1.290297508239746094e-02
1.273393630981445312e-02
1.159453392028808594e-02
4.404854774475097656e-02
1.324200630187988281e-02
1.516366004943847656e-02
1.294159889221191406e-02
1.385259628295898438e-02
1.240682601928710938e-02
1.240396499633789062e-02
1.169514656066894531e-02
1.258826255798339844e-02
1.369190216064453125e-02
1.240277290344238281e-02
1.181030273437500000e-02
1.168942451477050781e-02
1.235246658325195312e-02
1.212525367736816406e-02
1.336741447448730469e-02
1.263618469238281250e-02
1.175189018249511719e-02
1.269507408142089844e-02
1.254010200500488281e-02
1.250696182250976562e-02
1.227450370788574219e-02
1.124787330627441406e-02
1.253795623779296875e-02
1.238036155700683594e-02
1.173162460327148438e-02
1.300120353698730469e-02
1.187419891357421875e-02
1.144933700561523438e-02
1.174497604370117188e-02
1.126027107238769531e-02
1.341891288757324219e-02
1.292347908020019531e-02
4.398298263549804688e-02
1.219582557678222656e-02
1.273036003112792969e-02
1.322197914123535156e-02
1.327490806579589844e-02
1.220250129699707031e-02
1.439070701599121094e-02
1.329374313354492188e-02
1.121640205383300781e-02
1.560354232788085938e-02
1.127862930297851562e-02
1.235985755920410156e-02
1.273822784423828125e-02
1.315259933471679688e-02
1.371955871582031250e-02
1.283645629882812500e-02
1.186895370483398438e-02
1.242280006408691406e-02
1.268100738525390625e-02
1.334333419799804688e-02
1.307344436645507812e-02
1.146793365478515625e-02
1.267647743225097656e-02
1.162099838256835938e-02
1.373815536499023438e-02
1.171636581420898438e-02
1.143717765808105469e-02
1.276612281799316406e-02
1.179933547973632812e-02
1.435303688049316406e-02
1.298475265502929688e-02
1.218366622924804688e-02
1.135468482971191406e-02
1.219010353088378906e-02
1.170635223388671875e-02
1.254987716674804688e-02
1.289248466491699219e-02
1.184129714965820312e-02
1.279973983764648438e-02
1.146197319030761719e-02
1.232242584228515625e-02
1.655983924865722656e-02
1.229739189147949219e-02
1.336979866027832031e-02
1.235842704772949219e-02
1.237010955810546875e-02
1.443076133728027344e-02
1.215553283691406250e-02
1.181983947753906250e-02
1.286244392395019531e-02
4.757881164550781250e-02
1.408505439758300781e-02
1.456570625305175781e-02
1.166486740112304688e-02
1.257395744323730469e-02
1.318812370300292969e-02
1.267766952514648438e-02
1.228499412536621094e-02
1.124525070190429688e-02
1.165294647216796875e-02
1.374602317810058594e-02
1.122570037841796875e-02
1.347827911376953125e-02
1.351189613342285156e-02
1.236796379089355469e-02
1.165580749511718750e-02
1.231789588928222656e-02
1.185274124145507812e-02
1.334834098815917969e-02
1.250362396240234375e-02
1.231670379638671875e-02
1.323103904724121094e-02
1.166319847106933594e-02
1.375675201416015625e-02
1.350998878479003906e-02
1.296162605285644531e-02
1.146268844604492188e-02
1.282405853271484375e-02
1.185917854309082031e-02
1.364517211914062500e-02
1.201629638671875000e-02
1.230263710021972656e-02
1.358199119567871094e-02
4.474329948425292969e-02
1.260662078857421875e-02
1.281809806823730469e-02
1.310038566589355469e-02
1.232242584228515625e-02
1.302242279052734375e-02
1.596713066101074219e-02
1.450753211975097656e-02
1.376318931579589844e-02
1.326656341552734375e-02
1.136279106140136719e-02
1.267290115356445312e-02
1.419854164123535156e-02
1.223754882812500000e-02
1.176381111145019531e-02
1.099586486816406250e-02
1.231455802917480469e-02
1.234626770019531250e-02
1.240873336791992188e-02
1.297545433044433594e-02
1.179957389831542969e-02
1.348996162414550781e-02
1.123929023742675781e-02
1.326870918273925781e-02
1.423788070678710938e-02
1.151585578918457031e-02
1.324462890625000000e-02
1.236319541931152344e-02
1.246476173400878906e-02
1.247072219848632812e-02
1.347208023071289062e-02
1.352715492248535156e-02
1.139974594116210938e-02
1.228570938110351562e-02
1.148128509521484375e-02
1.211786270141601562e-02
1.187539100646972656e-02
1.513075828552246094e-02
1.287937164306640625e-02
1.228594779968261719e-02
1.301002502441406250e-02
1.329040527343750000e-02
1.133966445922851562e-02
1.042819023132324219e-02
1.337862014770507812e-02
1.433897018432617188e-02
1.275324821472167969e-02
1.280093193054199219e-02
1.148939132690429688e-02
1.318669319152832031e-02
4.697728157043457031e-02
1.337170600891113281e-02
1.127910614013671875e-02
1.208353042602539062e-02
1.171970367431640625e-02
1.413750648498535156e-02
1.219964027404785156e-02
1.249933242797851562e-02
1.305651664733886719e-02
1.242995262145996094e-02
1.209020614624023438e-02
1.264381408691406250e-02
1.203489303588867188e-02
1.228952407836914062e-02
1.195836067199707031e-02
1.272320747375488281e-02
1.113128662109375000e-02
1.235532760620117188e-02
1.338100433349609375e-02
1.334834098815917969e-02
1.210117340087890625e-02
1.200103759765625000e-02
1.252555847167968750e-02
1.351141929626464844e-02
1.346778869628906250e-02
1.021385192871093750e-02
1.314020156860351562e-02
1.286745071411132812e-02
1.333785057067871094e-02
1.306867599487304688e-02
1.264905929565429688e-02
1.357436180114746094e-02
1.289105415344238281e-02
4.375576972961425781e-02
1.225209236145019531e-02
1.350665092468261719e-02
1.344037055969238281e-02
1.221179962158203125e-02
1.194453239440917969e-02
1.270270347595214844e-02
1.173567771911621094e-02
1.266407966613769531e-02
1.327586174011230469e-02
1.202321052551269531e-02
1.330542564392089844e-02
1.282930374145507812e-02
1.224112510681152344e-02
1.210117340087890625e-02
1.294445991516113281e-02
1.301455497741699219e-02
1.328349113464355469e-02
1.316046714782714844e-02
1.265716552734375000e-02
1.246118545532226562e-02
1.235175132751464844e-02
1.168322563171386719e-02
1.129388809204101562e-02
1.348185539245605469e-02
1.179289817810058594e-02
1.103425025939941406e-02
1.240897178649902344e-02
1.184463500976562500e-02
1.221752166748046875e-02
1.335620880126953125e-02
1.146888732910156250e-02
1.356148719787597656e-02
1.184749603271484375e-02
1.265645027160644531e-02
1.374745368957519531e-02
1.328921318054199219e-02
