TimeStep Hunter1_X Hunter1_Y Hunter2_X Hunter2_Y Hunter3_X Hunter3_Y
0 1.7834936490538904 1.625 2.21650635094611 1.625 2.0 1.25
1 1.793452267374415 1.6240911991917528 2.20669048854379 1.6269101991783828 2.0096237529069185 1.2527172376867384
2 1.8133641954767892 1.6222171913832426 2.1871158919971996 1.631003764923662 2.028685873374343 1.2587385955266654
3 1.8233248701575586 1.6213312161853537 2.177266638886612 1.632733564125374 2.039729700423777 1.2707354838494211
4 1.833288522276599 1.62047937954776 2.167401150029581 1.6343682281440124 2.0607122452929616 1.2816269859904423
5 1.8432818556460926 1.6201143098878674 2.1574733836319857 1.6355680046835914 2.0717286970466375 1.2933412826387212
6 1.8532814670610616 1.6200261948542902 2.147521964434963 1.636552507407032 2.0853577635716647 1.3093754729488865
7 1.8632791497069785 1.6202414556610165 2.1375696548935585 1.637527976243291 2.0891759148798883 1.3234742195345461
8 1.8732605416584203 1.6208512174634961 2.127614913668912 1.6384783103130758 2.1028999362606555 1.3389418069273233
9 1.8831550281751344 1.6223000521276845 2.117673478249889 1.639558978495188 2.106636087410152 1.3549017713521607
10 1.8927358126524279 1.6251651114289416 2.1077435316261464 1.6407405701465905 2.112555595114827 1.3629615123500116
11 1.901048766288478 1.6307234196428908 2.0979695098218136 1.6428544542286545 2.117866935674101 1.371434389904607
12 1.904275985739697 1.6401883578364505 2.0941114129242115 1.6462987074628472 2.1225414159707725 1.3802745950524695
13 1.9034672370902637 1.650155600204016 2.0921814977633395 1.6502581629902124 2.129021054832265 1.3989505202625878
14 1.9020865151682311 1.6600598218356026 2.0909583778562584 1.6548542454838753 2.132866472005844 1.408181595907081
15 1.9010439578700253 1.6700053271342767 2.0895473624555954 1.6594342226162553 2.136131017934531 1.4176337246899493
16 1.9004239366762714 1.6799860867176903 2.0881958068790474 1.6638784045353532 2.1387911564670503 1.4272734171827324
17 1.9006127202586878 1.689456261738087 2.0849589140130766 1.6686988677829504 2.1408999427221715 1.4370485398103483
18 1.8929120544047702 1.695835895880009 2.082347971431408 1.6740759001113474 2.1426260184962302 1.4468984457780607
19 1.8970259744377482 1.7039137697283877 2.0793801194964536 1.6791151869110763 2.1439014317002147 1.4568167778779753
20 1.8894266313576746 1.7104137675341917 2.0840069444826432 1.6857532360590994 2.1448079731781036 1.466775602020789
21 1.896277073741113 1.7174961776909186 2.075389333812017 1.6893909426871687 2.1452920988667756 1.4767638764460571
22 1.889035109400903 1.7243921147164656 2.0787618209584244 1.696204649982974 2.1454642018361483 1.4867623944883235
23 1.8990010553674448 1.7252166945690988 2.075357576876376 1.7015210709068924 2.145248674438335 1.4967600706149824
24 1.891031577222203 1.7312571759539424 2.0753786732771906 1.707939711632207 2.1447201722185127 1.5067460949649103
25 1.8831651638896811 1.737431277448195 2.071331522087893 1.7135197778698057 2.1438420584308915 1.5167074662749656
26 1.8852428991516728 1.745586697870749 2.0668200926253113 1.719093467341736 2.1426377298193984 1.5266346803982742
27 1.87855129197069 1.753017874827492 2.0666674117625 1.7257410760503262 2.1411767894751392 1.5365273871575482
28 1.8884955828247267 1.754071948627825 2.0638030316282303 1.7318441818933934 2.141362122594728 1.5465256695752032
29 1.8804227772337991 1.759973626161809 2.064762396092737 1.7389276919420809 2.141780598278274 1.5565169102628715
30 1.8724871405569512 1.7660584981058491 2.055979809078598 1.7437095490749925 2.1418878890326596 1.566516334482003
31 1.871995536348005 1.7743529528815998 2.0579058690296725 1.7507281352300197 2.1415036910257186 1.576508950733114
32 1.8736800676846552 1.7814940074895276 2.0573270950068028 1.7570205938536674 2.1403656636175583 1.5864439842407592
33 1.8666206178890217 1.7885766742256237 2.0563076580243425 1.7633218618575484 2.13784678203956 1.5961215480347164
34 1.8766097556503165 1.7890426306548761 2.0522223687099532 1.769056370249018 2.1352537853454123 1.6057795177330263
35 1.86832334005103 1.794640426945989 2.051942878688896 1.775934454286471 2.1325972100530635 1.6154201927711256
36 1.8697324898961607 1.7992760785418795 2.0431400372714044 1.7806789234746248 2.1298232948684017 1.6250277630169876
37 1.8614346749085608 1.8048569634120213 2.037514100603038 1.7889462581370026 2.1293041463868576 1.6350142781739123
38 1.8531309329840961 1.8104290253977524 2.0296494167365373 1.795122563606128 2.12865938856703 1.6449934703414328
39 1.8478272539499823 1.8189067011262523 2.0278117666553945 1.8049522654619068 2.127768683123577 1.654953723133076
40 1.8454479224450562 1.8262522089789854 2.025569786370942 1.8146977012511343 2.126426223774615 1.6648632039432414
41 1.8551779513649318 1.8239442803460406 2.0231093962744118 1.824390300316736 2.124682301764551 1.6747099657659419
42 1.84655596534085 1.8290099831792759 2.020825438953215 1.8341259842272848 2.1225835502773407 1.6844872471992858
43 1.8393202436558578 1.8359124701964902 2.0157446645267547 1.8427390975411981 2.1201133051581564 1.6941773400758393
44 1.8327010114147935 1.8434081868763315 2.011334412086034 1.8517140436451882 2.117339971351612 1.7037850779597647
45 1.8271522250428471 1.8515007113601314 2.0074415810473503 1.8609252243768424 2.115934275665495 1.7136857857112773
46 1.8240907484136197 1.858439736024593 2.0041490416575463 1.8703676376026124 2.1143021413518 1.7235516927321441
47 1.8337765609316203 1.8559527636534767 2.0014190986354143 1.8799877937417477 2.112306322895165 1.733350504480768
48 1.8243748483650062 1.8593597863364266 2.002261350333901 1.889952260768041 2.109914869295608 1.7430603413959034
49 1.8148199164710614 1.8623099177639233 2.000839424372861 1.8998506504576653 2.107054731568496 1.7526425964315422
50 1.8054184637434456 1.8657176582637476 1.9982394341446699 1.9095067388843745 2.1023948376459884 1.7614904998918064
51 1.7964428396366212 1.8701265328127192 1.9937915218129993 1.9184630818199366 2.097642996108334 1.7702893636305816
52 1.7910578384466145 1.8752216253924416 1.9881285301476956 1.926705079851672 2.0928018626218545 1.7790394167532213
53 1.7991622195981118 1.878389768258785 1.9805293221093954 1.933205236447975 2.0878859993463266 1.787747705646325
54 1.7969965793594393 1.882998066910659 1.9741333325460793 1.940892324084416 2.0829366340694833 1.796436996490229
55 1.7927851824491892 1.8877332275296794 1.9689633746698738 1.947868560673669 2.0779120831211912 1.8050830283318646
56 1.7883507873333666 1.8923828019323992 1.96405182108956 1.9542164711747319 2.0728218585645664 1.8136905602295883
57 1.7838936586334977 1.8969351746636676 1.958817989385897 1.9600988624151796 2.075860698001634 1.8041634702240117
58 1.7797100114106807 1.9013891838985728 1.9525976114042343 1.9585265965433791 2.070783851428132 1.812778899737168
59 1.7747273681156013 1.9057000502507435 1.9615628251873196 1.9622806810075417 2.06570861092041 1.8213952754740603
60 1.773429428779674 1.9101401408697711 1.9570803784832598 1.9712197898188606 2.060765639638703 1.830088205926586
61 1.7697785735066656 1.9148746169666993 1.953039951442951 1.98036719171796 2.063800507450651 1.8205598502536304
62 1.7661208443745646 1.9196191210794495 1.9549747522056342 1.986605625716038 2.0587422128228354 1.8291861855541356
63 1.763402483745632 1.9244547541748034 1.9527338732101263 1.9935377795482054 2.05365010699461 1.8377926045213826
64 1.760002273920146 1.9293924355442869 1.9486128341473878 2.0006437903502956 2.0484999294785666 1.8463643987779506
65 1.756013103614715 1.9343028361472534 1.9444875100694836 2.0067512543173507 2.0432828904522466 1.854895664670039
66 1.7517992536008034 1.9391134795296239 1.9395840394377948 2.0126672593178228 2.0459607113079983 1.8452608690713532
67 1.7477968333691034 1.943308705886011 1.94068359833418 2.015180836082436 2.040679119520064 1.853752322786022
68 1.7445123820501987 1.9471652435167925 1.9372894435024128 2.0205047024646774 2.035425496280368 1.8622611084138043
69 1.74053082344417 1.950816628013854 1.9319284308536218 2.026881050900556 2.0301443356947857 1.8707528303493746
70 1.7359451624501172 1.9542816192406463 1.925646276848601 2.033676285413094 2.0325711839759606 1.8610517786000855
71 1.7314278866100732 1.9575792613468366 1.9259243544316624 2.0362047472735867 2.0271498574802536 1.8694547073100694
72 1.7275338907196793 1.9608522576309042 1.9220463651823585 2.0409886179259047 2.0217563244441408 1.8778755025123246
73 1.7231451518304322 1.964162481672247 1.9159017465668504 2.0466437604045495 2.0163582949826377 1.886293416202534
74 1.7182260866678927 1.9674669852975057 1.9085884587499087 2.0525718744611368 2.018517481155868 1.8765293027390726
75 1.7135530312947604 1.970426948464592 1.9026852207849507 2.0517424853751436 2.013005854554649 1.884873281524051
76 1.7081631271570596 1.9731695842492627 1.898714621517319 2.0573732043849304 2.007640522897418 1.893312073603738
77 1.703486709709433 1.9758141110214638 1.8923666616561596 2.063400143873878 2.002224618096079 1.9017184975673445
78 1.6986393843248162 1.9785230531851994 1.8827050560745184 2.065979555132799 2.0042153727190453 1.8919186567072757
79 1.6930360229156587 1.981190719132428 1.8777359262699966 2.0666960687958635 1.9987459951007622 1.9002903889049776
80 1.6874733956932697 1.9838149745046394 1.8705702456305509 2.0689295039628632 1.9933090461345273 1.9086832164903171
81 1.6816699587210688 1.986456112426822 1.867903094704706 2.069939838082064 1.9878080729322392 1.9170342211727984
82 1.6765116759046588 1.9891724593035178 1.862352732069302 2.072318082267884 1.9895880544718239 1.90719391341554
83 1.6714752040274117 1.9920885797619121 1.8648665276947205 2.0771934381336905 1.9840882030475768 1.9155456575681455
84 1.6679651402804676 1.9954203243396478 1.8587681515733485 2.0850171959609725 1.9786458444941672 1.9239349805866368
85 1.6638095403026465 1.9991154628369259 1.8519785860213225 2.0915474081994034 1.9802863445293042 1.9140704612364061
86 1.660084976901454 2.002123800062691 1.8493914738888626 2.090696642466355 1.9745185124847922 1.9222394333337434
87 1.6557407831709507 2.0047698767884867 1.849680623907806 2.0945511821773835 1.9688393530595931 1.9304702983354218
88 1.652255887485263 2.0072581804852234 1.8419815906623618 2.100932786532212 1.9632223687294754 1.9387437182595022
89 1.6477158734045598 2.00984377572604 1.8348509296143667 2.1061658624676056 1.9645929250327754 1.9288380847428925
90 1.643134220822868 2.0123361835285323 1.8309781173544244 2.104858067992609 1.9585431127270567 1.9368004820425995
91 1.6377429914131436 2.0147791511408286 1.8300483119624906 2.108123995771166 1.9525600869601476 1.9448131837998517
92 1.6334016549802992 2.017182436728035 1.8269365820984595 2.111898315080907 1.9532677160968888 1.93483825243311
93 1.6290997502796027 2.0198299930925714 1.822494319635188 2.115172552119475 1.94710263399611 1.942711737297941
94 1.624164927604762 2.0227779361448484 1.8162553161333554 2.118989017966669 1.9409634799158084 1.9506054551457055
95 1.618750006280062 2.0258717084798263 1.8129862085866981 2.121478302811738 1.93475011386181 1.9584408926893957
96 1.614147234562007 2.0292459115880774 1.8080525640349143 2.124472464842256 1.934932428652246 1.9484425543923862
97 1.6098672536603782 2.033156319943373 1.8029365548814886 2.1269483609939925 1.9291099754846073 1.9464406374027021
98 1.605665937851337 2.0373213788989233 1.797808513040399 2.1292300875647925 1.9184323780136765 1.9531810063053854
99 1.601212292297897 2.041663801719551 1.790037441993808 2.1326685875537805 1.9120273606749834 1.9608605739776976
100 1.5924705242208812 2.0465198787424015 1.7820800067807787 2.136310381058138 1.905641080615169 1.9685557296616025
101 1.5903962024889562 2.050150487528299 1.77471492718414 2.1392784094787203 1.905054479932005 1.9585729500395246
102 1.5816447970859382 2.0549891753616976 1.7700877212870174 2.136813422839623 1.8982536477051326 1.9659042989951558
103 1.5729955177224848 2.0600081360462354 1.7680819863404387 2.138864549982827 1.891410208401794 1.9731958930497058
104 1.575196342862365 2.0624041875853436 1.7639470491509193 2.1413537838379852 1.8890657449155697 1.9634746027295478
105 1.5664735542080972 2.0672942755772965 1.758195076132869 2.144070058770012 1.8804431563257822 1.961536958173383
106 1.5730310770153675 2.066437214569305 1.7527235369148904 2.1461137085570954 1.8731422183118411 1.968370427202899
107 1.566074898320404 2.0690517064213054 1.7457494544747525 2.149249969457742 1.865873107315565 1.975237742823083
108 1.5601964847586725 2.071374670093064 1.7377726077053004 2.1525863215210848 1.8586274498156854 1.9821297999587841
109 1.5542097644351098 2.0735277139610844 1.729184676422482 2.1557431318215095 1.8549652189030894 1.9728245286387391
110 1.5482179823733542 2.0753940061695175 1.7217315537805908 2.1541069320519455 1.8472933979719528 1.979238822881598
111 1.5414861346065674 2.076975427524303 1.713170508849179 2.1535860542207956 1.8396162326462218 1.9856467189383693
112 1.5345035817876134 2.078154744769563 1.707483420609241 2.152550539583899 1.8319234634764143 1.9920358739909716
113 1.5279170352436278 2.0789418471540557 1.7046646121840232 2.155201191199012 1.8265485936790355 1.983603154134471
114 1.5224309757753882 2.0794312508805888 1.6982918069648796 2.1585330717498437 1.8187318552299985 1.989840027235914
115 1.5160733716033075 2.079759750617086 1.6883028759571963 2.159003463923 1.8129912853255519 1.98165187361883
116 1.5088682070776496 2.0796039257838856 1.6807577945242875 2.158106311049778 1.8050691947355517 1.9877543703769334
117 1.501793995353547 2.07894972289796 1.672595515842294 2.1578919741295977 1.7971806755303987 1.9939002020400949
118 1.4925172709330592 2.0826836721680593 1.6673971484366112 2.156905430412735 1.7917470886386582 1.9855051951599307
119 1.4832117332547579 2.0863452241464984 1.6595384976777487 2.1566209969314514 1.7835258591003367 1.991198295087088
120 1.4812657450960625 2.083410884224577 1.6547518633256906 2.1554578014620347 1.7753177910126396 1.9969103539478965
121 1.4719149190636027 2.0869551810610574 1.6534767182261922 2.158454417993198 1.7690869687139639 1.9890887903166004
122 1.470186678313804 2.0840974447492044 1.6464103067943134 2.1625758263253374 1.760807132908667 1.99469631240936
123 1.4608557052846673 2.0876936851709615 1.6364255443864741 2.1631276609696215 1.7525474956273683 2.0003335450892337
124 1.4566846732917849 2.0847408000554424 1.6264723351874628 2.164093909887015 1.7465236490606912 1.9923514857073314
125 1.4472648707154814 2.088097480329452 1.6185002828666248 2.163734874295187 1.7381974510863074 1.9978899362613447
126 1.4377644426125709 2.091218676621793 1.6097642210030236 2.1640426342346473 1.7298870297163376 2.0034520298358984
127 1.4358702111925605 2.086272097862093 1.601395956119267 2.164543601902551 1.7243815926849493 1.9951039672014304
128 1.426357437477601 2.0893554626672994 1.5960747975574114 2.163810808546259 1.7159318296253332 2.0004520055954345
129 1.4167796909745458 2.0922306591819506 1.588234887802718 2.1640754335239762 1.7102356665782281 1.9922328985412605
130 1.4082093644823555 2.0907686047430616 1.5830857477800229 2.163078643279732 1.7017085981569835 1.9974567953613587
131 1.399649845057321 2.0898179704963695 1.575262983673928 2.163037232363422 1.6932367422632524 2.002769765735138
132 1.3915579454909686 2.088797412085114 1.5667878551126697 2.163544711547729 1.687976060064102 1.9942653414909728
133 1.3839943037304703 2.087538424268132 1.561729735107837 2.1626575341870193 1.6795520378291258 1.9996538332779892
134 1.3771317695203844 2.086168168199947 1.5540098551378825 2.1627286483708303 1.671250748077 2.005229546048213
135 1.3701511943649176 2.084694151970325 1.544833525428293 2.1633667577116285 1.667360882369394 1.9960171117563732
136 1.3632228501077417 2.083112336898921 1.539822258399544 2.1622299277514685 1.6590857488117763 2.001631571270991
137 1.35683176721741 2.0815297899243888 1.530658078724263 2.162174935940129 1.6553787650555023 1.9923440379207022
138 1.3501758520427767 2.0798870918515604 1.529752813216509 2.1590739952152944 1.647166581453348 1.9980501782265492
139 1.3445688622008685 2.0783222312747966 1.519753381546797 2.159180535178166 1.6390532810255536 2.003896061622072
140 1.337942713958365 2.076778948743595 1.513587359275879 2.157535511709284 1.6358991999659338 1.994406500190962
141 1.3317242875631574 2.075111267826287 1.5082188252659754 2.1550731381285004 1.627776558372716 2.000239396758843
142 1.325545201164824 2.0734200844017323 1.4984718378933386 2.153167221287731 1.6252559193890193 1.9905622911755927
143 1.3188090260076943 2.0715609194885474 1.490819911875041 2.1503140796558 1.6172819550629356 1.9965968488832004
144 1.3119947794761184 2.069534632115392 1.4811028320642428 2.1480950273689814 1.6156586797224008 1.9867294796858914
145 1.3051020336273733 2.067255473433761 1.4741408153737203 2.144940899044741 1.6077253313051187 1.9928173341904767
146 1.298484589059991 2.064820580853848 1.4653342505285756 2.142405551217962 1.599829606457206 1.9989539057132788
147 1.2917119470361296 2.0622273226908874 1.4566448395440594 2.140363519603852 1.5986284432947286 1.9890263069537468
148 1.285276432608408 2.0594167741655838 1.450798712142022 2.137346038420219 1.590860077740217 1.9953233290580101
149 1.2791181463684562 2.0565106309659313 1.4433318953329937 2.1348665899713524 1.590126840143057 1.9853502482292242
150 1.273093738679928 2.053482435148908 1.4384016412610428 2.1314791215700097 1.5826618217179202 1.9920040828292258
151 1.267293543175948 2.0504058920487296 1.4312609657014028 2.128277250623796 1.5828024951115367 1.9820050721173175
152 1.261420722206277 2.047246964153601 1.4261524429844932 2.123482196184341 1.5756444252401707 1.9889880533446558
153 1.2554355818714622 2.0441286514687818 1.4192435354294495 2.1186013087281026 1.5763024002153543 1.9790097235818394
154 1.2493782966334048 2.0409415808680933 1.4135967594871537 2.1126890690647997 1.5692919207576779 1.9861408647266217
155 1.2432192667323771 2.037687912088586 1.4063614368738846 2.10712568188319 1.570027028916229 1.9761679208022542
156 1.2371145129140142 2.0342799874197226 1.4071864332023316 2.10775877838023 1.563266446122725 1.9835364015889354
157 1.2331718998897496 2.0309988504450303 1.3986145150798612 2.1026088048238307 1.5642546532981214 1.9735853493330069
158 1.2274242873239938 2.0278377218346577 1.3914939113843494 2.095587622607127 1.5579167140022037 1.981320368417073
159 1.2211423167895201 2.024488729861332 1.382998292795127 2.1006023364607245 1.560042018427339 1.9715488239307888
160 1.2160771480697814 2.0210659154399764 1.385563142127102 2.098558589583263 1.5537194538701442 1.979296415403951
161 1.2125627804483894 2.0179114294878673 1.3758868775281363 2.0960347207728773 1.555724900572386 1.9694995696772821
162 1.2070273813727919 2.0149609434593003 1.367697702250188 2.090295610250905 1.558219606122293 1.9497147000511177
163 1.197027614426953 2.01489279166708 1.3723077527198249 2.0847242439631373 1.5550336039232207 1.9381596281309612
164 1.1965359991003435 2.010935968522972 1.3768771584096604 2.079045722959563 1.5476276264016633 1.9356705260579474
165 1.186536218184666 2.010869899058889 1.3770209631134995 2.0745622718241066 1.5388604496911285 1.9430883473833092
166 1.189073944143639 2.0071086171010393 1.3723502905291745 2.0708404143806547 1.5305273596968618 1.9604967416380532
167 1.1849867055711012 2.0046587441975134 1.36261185176645 2.073112592799589 1.5269704611346242 1.9691194662009366
168 1.1791229677905004 2.0022596332637477 1.3528064425287076 2.0750757390633225 1.5271948647059617 1.968484667420853
169 1.173187020379738 1.9995887433105963 1.3428175674003788 2.0746041834936477 1.5295102199379471 1.9580709164147265
170 1.1672562343586843 1.9966088849978405 1.3404128731877782 2.0694670514785685 1.5319016425564769 1.9376574543421157
171 1.1626261632476609 1.9934416261894512 1.344355530449865 2.0619057231233455 1.5285735026482143 1.925446833774913
172 1.1594999853108685 1.9904444497005898 1.348253751052288 2.054538478667382 1.520650204118283 1.922117908776272
173 1.1568178475421529 1.9878588460778701 1.348714522401314 2.049443101102952 1.5108164558841963 1.9286047968198545
174 1.1535111001279812 1.9856343374049175 1.3393011282556464 2.050587454054039 1.5034337619363214 1.9447866485570557
175 1.1477565622475605 1.9834119183869916 1.329742088297825 2.053524248476606 1.5004806602737517 1.9520030834828503
176 1.1417865125980835 1.9808522192688542 1.3209379681744386 2.0551809752942063 1.5006672356030322 1.949725182086695
177 1.13617824032499 1.9779528307190049 1.322649990174431 2.051095702277962 1.5014728663445567 1.9374664605711587
178 1.132705267198072 1.9749610982762533 1.3176981927486842 2.0493031230871566 1.5039327023478108 1.9153455079649575
179 1.1286730842251937 1.9720107358807581 1.324818791787583 2.0422819357481785 1.5005524496446014 1.9013420271803625
180 1.126716236030371 1.9692715364435571 1.3278102480931913 2.0346953163971193 1.4925548947285279 1.8962087513064034
181 1.1243777721241723 1.9668760339191067 1.3219943313984905 2.026560507074464 1.4823734645106015 1.9008340959553607
182 1.1198213257879626 1.9645494075884926 1.3151380421719288 2.0192809950676747 1.4722808298756718 1.9154590464313515
183 1.1144656361133467 1.9620464476683992 1.3051407497501706 2.0195136734400876 1.4673601121539832 1.9215253017027862
184 1.108187085395367 1.9591691228488344 1.2957865094891523 2.0230489499517716 1.4666513999618473 1.918521881394554
185 1.1022068447486173 1.9558125268595177 1.2894600520035957 2.0252156812348403 1.4686037660067086 1.9058790284325369
186 1.0973551579803835 1.9521032725388068 1.2906598271461909 2.023443595797289 1.4715223781749955 1.883282967202831
187 1.0945050524600457 1.948341750066902 1.2983619435350184 2.017065711610485 1.468570108852873 1.8687821359490044
188 1.0933621325815703 1.944991066811781 1.2945458721029346 2.0078224654425867 1.4609327887228574 1.8631159116630442
189 1.0898299168615277 1.9420032582638669 1.2889075167136972 1.999563594639767 1.450704212540586 1.8671081245993264
190 1.0853190066112812 1.9389306418524939 1.2815346279772704 1.9928078188677318 1.4402942485103267 1.8810986925964244
191 1.0800894161506231 1.935600193675782 1.271536197479326 1.9929849974578246 1.4350434753359878 1.8865228875656612
192 1.074017758276933 1.9318603230567533 1.262191653217632 1.9965458238730207 1.4340891777173965 1.8829171157558449
193 1.06829795314061 1.9276564279498416 1.2566512617873733 1.9992928897263482 1.4359147981231217 1.869705508754123
194 1.0639728212549027 1.923150914713915 1.265343506786484 1.9947675509611145 1.4378665235635708 1.8464946963940747
195 1.0630634681723687 1.9188018925415236 1.261609637610126 1.985490793013014 1.4341988306623534 1.8315556517918594
196 1.059908625290883 1.914799782440241 1.2574175879950409 1.976411875919439 1.4261232960488996 1.8255927388672717
197 1.0560630942631188 1.9107650769801694 1.2517697456883972 1.9681594908470288 1.415713242146012 1.8293535097618587
198 1.0516698179702881 1.9065412264244515 1.2447083205575828 1.9610787943238392 1.405245704609115 1.8431141155888326
199 1.0467276997800592 1.9019668702894705 1.2347501259888296 1.9601653619320132 1.3986522205523215 1.8660938155953772
200 1.0407868829492155 1.897021929260518 1.225562149159122 1.9641126492642798 1.3959315610954945 1.8798539036069997
201 1.035283152100784 1.8916635918358224 1.2224420655644272 1.9654488000669517 1.3951855888517457 1.8838108995114453
202 1.0316115171584908 1.8861403921546298 1.2191725989929174 1.966096578806173 1.3959129802133248 1.8778770308126695
203 1.0286711883667532 1.8807980585770565 1.2173263185783063 1.9652864917879924 1.3974559577036416 1.8619764766772278
204 1.026375275657666 1.8756500990057248 1.217716543639289 1.9624536324990913 1.3993293172206904 1.8360813821782358
205 1.0247314149450186 1.8705654553996283 1.2176165195874993 1.9589337914949283 1.4024041972952546 1.8002587326918729
206 1.0232378589857045 1.8656240827331203 1.2237536890193943 1.9510525654768571 1.3998401375756657 1.7726945554022677
207 1.02238468281521 1.8609337955640513 1.22196259342545 1.9412142749642953 1.3926726462959778 1.7540077886660583
208 1.019781739363135 1.8564080693686265 1.220070551311982 1.9313948977505788 1.382399682475807 1.744826600246597
209 1.0166909884714197 1.851765453342523 1.217031480208424 1.9218678813194856 1.3711379394153482 1.7455964063410647
210 1.0132454465196143 1.8469551438392955 1.2120678624365602 1.9131867246469483 1.3606415098656726 1.7563368839328177
211 1.0093024395459007 1.8419472253808635 1.2051165582839523 1.9059978880686685 1.3508263399271527 1.777054128528107
212 1.0047137768991898 1.8366618719810504 1.1968422992382322 1.9003821386722848 1.34229942019374 1.8076880465378053
213 0.9996094754018496 1.831034139257099 1.1869188746664796 1.9016173081472516 1.338419608255208 1.8294673397322185
214 0.9949984842964124 1.8247284856552142 1.1769955888617907 1.9028535902034491 1.3370854212880658 1.8415760708157904
215 0.9910230519302796 1.8179296818489092 1.1700957449380431 1.904339344240725 1.337683617719449 1.8438732831855305
216 0.9883004889410596 1.8109349706137436 1.16600302786046 1.9047777930973098 1.3396169343286601 1.8362600247492082
217 0.9783124855306606 1.8104453040796216 1.1637000224314753 1.9037802192615345 1.3422974663481 1.8186747220461257
218 0.9832588021230559 1.8017542772504385 1.1635130224482046 1.900773048051633 1.345301409241074 1.7910946508054622
219 0.9843071581848573 1.7947895140896435 1.1670689191401826 1.8950309787178412 1.3473727725977502 1.7536519017898702
220 0.9743083588831734 1.794634607686021 1.1733877854154335 1.8872803706908599 1.3459834184565584 1.716177648027182
221 0.9808861975610863 1.7871025400891085 1.1774025466025697 1.8781216765055433 1.3392164527043282 1.6871343669598444
222 0.9819705115218322 1.7808612241133233 1.176838287300233 1.8681376088643447 1.3279540529547351 1.6670236707891906
223 0.9722639044333856 1.783265758138441 1.176762854828302 1.8581378931412473 1.313215174580053 1.6562892257572834
224 0.9766739221808176 1.7753269661407103 1.1764803712163476 1.848141884081997 1.2944775621484215 1.6547204840443894
225 0.9669208113622527 1.7775353177639772 1.173632945111057 1.838555844151415 1.2734153799792511 1.662877808473816
226 0.9732643725868921 1.7698049077953328 1.168353050658515 1.8300633352482691 1.2535856709897788 1.680958892751122
227 0.9635402491834621 1.7721375914479722 1.1585904058907537 1.827897519688122 1.2478477777064116 1.6891489201892262
228 0.9536589725461464 1.77367394167959 1.1487180885766057 1.8263046145439148 1.2424667635083468 1.6975777219716555
229 0.9605324912403386 1.7664106956872274 1.1388143437821774 1.824920478160493 1.2463687804144146 1.6883704276491052
230 0.9506195980642598 1.767727716891386 1.1297511241305975 1.8248567137343343 1.240591331532997 1.6965326020229703
231 0.9406391458172958 1.7671027511314605 1.1315973165352253 1.822223544906592 1.2434568474151464 1.6869519535187727
232 0.9484532560740273 1.7608625848733936 1.1329059717851115 1.8180368820612784 1.245384783748378 1.6771395602930432
233 0.9384535543207686 1.7607854193411185 1.1273845299752785 1.8153242420812603 1.246766464816247 1.6672354718405848
234 0.9376391527179304 1.756503764387162 1.1313161375606788 1.8092734486272093 1.2401979561278866 1.674775676868493
235 0.9458838711429063 1.7508447354994132 1.1220106911519898 1.8069088904594537 1.2418128260493548 1.664906928382451
236 0.951919835613263 1.742871836606355 1.1259774836385978 1.8012550145795103 1.2418326521207208 1.6549069481637424
237 0.955123857914624 1.7333990212864592 1.128484377698077 1.7950841526908334 1.239668270564508 1.6451439848836606
238 0.9555037982057921 1.7234062420538976 1.1217843150394393 1.7910136937571224 1.232461177269798 1.6520763585079556
239 0.953430974739059 1.7136234304271056 1.1153571266355349 1.7880994717997964 1.2309665996496195 1.6421886780966168
240 0.9434981000371419 1.7147801506434917 1.1199317379529012 1.781597134511685 1.2280326392416472 1.6326287682835108
241 0.9471334927942745 1.7054643618976115 1.1135448599839939 1.777373040880775 1.2253445836164618 1.622996823463226
242 0.937144553404688 1.7059345758971176 1.110889272592066 1.7723656681773718 1.2180226806000436 1.629807823869968
243 0.9412572245340936 1.6968194275614223 1.1049604265159352 1.7687176406325307 1.2166139564857448 1.619907546389485
244 0.942534209461338 1.6869012975585065 1.102868135613425 1.7637457014934625 1.214543322325554 1.6101242718953734
245 0.9325475564686723 1.687417777335213 1.1018751980178414 1.7580304942966904 1.2115330253642613 1.6005881238464361
246 0.9366029796650774 1.6782770157660707 1.1011959268967977 1.7517765900993254 1.2076145294037277 1.5913878312070018
247 0.9266190247139103 1.6777107663438073 1.1007683191588504 1.7453965540917125 1.1998799377967233 1.5977262920435613
248 0.931771692586518 1.6691404677912942 1.0955925745098276 1.74090366679593 1.1971637681041474 1.5881022373881286
249 0.9342305015301473 1.6594474673256627 1.0929674315872027 1.7351691309304442 1.194190137545448 1.5785545921620077
250 0.9242343583604462 1.6591697733019828 1.0879156687902642 1.7265389697568025 1.1914343733721042 1.5689417999904698
251 0.9282322393259175 1.6500036974539398 1.084302190286143 1.7172146594093647 1.1837556336455608 1.5753478082563823
252 0.9183223701542385 1.6486641100709676 1.0771018253313733 1.7102752971404698 1.182675015172791 1.5654063672494238
253 0.9227988261258371 1.6397220005383133 1.073631435227616 1.702101982285967 1.1812760290837476 1.5555047095488852
254 0.9130541568150885 1.6374766900771647 1.0721482156683115 1.6938065216818359 1.1800733840706388 1.5455772905346101
255 0.9046555485105283 1.632048673425743 1.0713165397197364 1.6851605103292968 1.1726218768077532 1.552246250744546
256 0.9099387710442908 1.6235582348526805 1.0655488441139815 1.6784495507308748 1.1730750226621611 1.5422565234560615
257 0.9129257863382019 1.6140147694022744 1.0645422819676233 1.6710187402495649 1.1733026359785443 1.5322591146189815
258 0.9034808417776741 1.6107294980538427 1.0647686378239078 1.6633160748460796 1.1736105288060943 1.5222638562057262
259 0.9081153641449429 1.6018682794747292 1.0650824771752005 1.6551721115538385 1.166266668928657 1.5290511758733636
260 0.9109808101778991 1.592287610481435 1.0601041067880934 1.649338246876141 1.1684234150367419 1.519286522242809
261 0.911581709456551 1.5823056811568676 1.067115393702442 1.642207900149515 1.1696643667443285 1.5093638185147291
262 0.9127888525248646 1.5723788088289439 1.067610270637123 1.6406573987042066 1.1714874621162752 1.4995314065102583
263 0.9138547123287946 1.5624357733977376 1.0625217178045196 1.6329584548657294 1.1731310434321502 1.489667398456121
264 0.9136653503368517 1.5524375664172112 1.0622698069806567 1.6244483812188264 1.1658486606235245 1.4965206385325736
265 0.9136165542689934 1.5424376849186956 1.0565602808515897 1.618116094119614 1.168390900004525 1.4868491842147058
266 0.9070428120134248 1.5349020419744193 1.0659744535829296 1.6147436547034886 1.1705574296562562 1.4770866977717823
267 0.9121712897134795 1.5263172473860322 1.058952135618346 1.607624171389034 1.1735595465785453 1.4675479718219584
268 0.9066106960339322 1.5180058211190044 1.0679103775206378 1.6031800863274839 1.1667547119929085 1.4748756061975008
269 0.9129478320641293 1.5102701431242167 1.0587809128943255 1.5990992948354688 1.170680395901073 1.4656783785406595
270 0.907637054955013 1.5017969125983655 1.067328150037246 1.5939084622950759 1.1738910566697458 1.4562078105021363
271 0.9081049210903085 1.4918078633127152 1.0589508429426124 1.5884476286300924 1.177365684058387 1.446830872978652
272 0.8985914051112569 1.4887267911908566 1.0666316683660617 1.5820441209652927 1.1803495556729475 1.4372864240516072
273 0.8903590136718786 1.4830498445880949 1.0602645209315589 1.5743331267440226 1.1733965937661568 1.4444736568924135
274 0.8991091580641306 1.4782088768770336 1.0608598230779527 1.5643508621433284 1.1768924723061363 1.4351046207096523
275 0.9072483269077576 1.472399064070487 1.0623441825760884 1.5544616413244512 1.1805552098582128 1.4257995486926383
276 0.9144130277958549 1.46542288755154 1.0640920894826187 1.5446155854442623 1.1844688387269715 1.416597184791798
277 0.9121085858017988 1.4556920316172182 1.0702549094008638 1.5367403310665395 1.1887080873044769 1.407540211520726
278 0.9025653988168425 1.4527041250476032 1.075612661489321 1.528449473058572 1.182355983989183 1.4152636030424481
279 0.8944905154452509 1.4468052899101167 1.074736080076581 1.521053919190308 1.1869720624441842 1.4063927620384937
280 0.89069617432997 1.4375531030455022 1.0755755603337085 1.5130728376971092 1.1915612815561334 1.3975079968307262
281 0.8980913579975105 1.4308217395664542 1.07719186751874 1.5047516670019832 1.1961734475249985 1.3886351208869463
282 0.8927276626740432 1.4223819071994512 1.0795080311387202 1.4965424450056162 1.2008360422829727 1.3797886414188987
283 0.9001792649318314 1.4157130522289663 1.0820861255075207 1.488154827238759 1.1949425305853227 1.3878674111995941
284 0.9067617518407143 1.408185046595463 1.0721894718031755 1.4895887846068945 1.2006353366802076 1.3796459786329514
285 0.9116571120497621 1.3994652158216923 1.078936239823269 1.4822076527343597 1.2054121497700552 1.3708606470111853
286 0.9159294537779725 1.3904238068134873 1.083370545066463 1.4732445660920348 1.2103486092443208 1.3621640173453933
287 0.9194331756838448 1.3810577015028684 1.08741436817454 1.4640986654849257 1.2153073827418128 1.3534800918508416
288 0.9224709543444998 1.3715302734271972 1.0921520638536086 1.455292177008232 1.2202932530696133 1.344811695228899
289 0.9257153944157845 1.3620712249175995 1.0978220525454154 1.4470549920515623 1.214831270618234 1.3531882544715053
290 0.9291057524782456 1.3526634904192179 1.0879719919781556 1.4487801888899412 1.220895618541036 1.34523692314663
291 0.92432957315341 1.3438778132767766 1.0797685702587834 1.4471920566575136 1.226636237805579 1.3370488049198037
292 0.9221227109477705 1.3341243653194397 1.0870928295213154 1.4483396487485152 1.2321027041094939 1.328675171892727
293 0.9266508976974375 1.3252083393381326 1.0913621598179808 1.4392968157480936 1.236930044242982 1.3199175014827496
294 0.9206242860340363 1.3172283670501201 1.097720092281269 1.431578222400276 1.2417348337973098 1.3111474388945943
295 0.9217518126637525 1.3072921367929666 1.1038238356146386 1.4236570910725277 1.2360557730923036 1.3193783718828207
296 0.9243397071071751 1.2976327999131172 1.0945573278027942 1.4198978568601888 1.2418778574707547 1.3112479770291692
297 0.9254979328065029 1.2877001012311666 1.0939636463323033 1.412679457309423 1.2473914477656225 1.3029052965078598
298 0.9336015353723279 1.2818407816448598 1.0970070196804946 1.4040750034328084 1.2527657783272306 1.2944722320620066
299 0.941395590994399 1.2755755851612776 1.102498108290637 1.3964301787491422 1.25807899829546 1.286000532630468
300 0.9381024294811151 1.2661333880023449 1.1091031718557125 1.3896418453368824 1.263363970318679 1.2775111818421727
301 0.9464166124629638 1.2605769177534967 1.1172078007390147 1.3846172794874292 1.2582734631056527 1.286118546101833
302 0.9545343068706653 1.2547371387117892 1.1145881419093704 1.3831524764827918 1.264031913006548 1.277942956957603
303 0.9622614893409274 1.2483896473058849 1.118138585009182 1.3776366668462288 1.2695384997556547 1.2695956524197107
304 0.9697760289813242 1.2417917935745209 1.1233038229425794 1.371420599956764 1.2749525046589414 1.2611880046982413
305 0.9771565387303791 1.235044344291964 1.1290415946883505 1.3650430035486352 1.2803099629151264 1.2527442114163285
306 0.9686664596478305 1.229760545269528 1.1352178182010895 1.358656555385096 1.28561560238326 1.2442677622396594
307 0.9769041428620777 1.2240912811466842 1.1421256067720598 1.3522980226844084 1.280316057955716 1.2527480233196264
308 0.9849508695582709 1.2181540960082202 1.1389167148177868 1.3511741395050194 1.2861063437218407 1.2445949516926056
309 0.9926734564172885 1.211801014804223 1.143739174820984 1.3467801079095807 1.291630283338819 1.23625912011751
310 0.9946054324786029 1.2019894159966498 1.1511090092850274 1.3416363285796251 1.2970572448017637 1.2278598291535026
311 0.9974010798427126 1.1923881480106502 1.159811275315041 1.33670981330215 1.3023995578902403 1.219406446043039
312 1.0008149118906668 1.1829889062428265 1.1684866056335514 1.3317360194341745 1.296378975143526 1.2273909669105059
313 1.0043239816835932 1.173624803275743 1.1655734025431221 1.330691099021351 1.3022566813657621 1.2193006915707236
314 1.008500450272005 1.164538709410408 1.1742713435110992 1.3257569510897156 1.3072763382139245 1.210651815469945
315 1.013102142587196 1.15566039733676 1.182812762681896 1.3205565534008201 1.312325968282167 1.2020204063240534
316 1.0182250602914802 1.1470722835147171 1.191175669666881 1.3150736902316567 1.3063405699709991 1.2100313367057687
317 1.0280347983165494 1.1451308820032864 1.1991663605464047 1.309061298466986 1.3117562479952911 1.201624766524518
318 1.0294012215266786 1.1352246775859385 1.2065235062060302 1.3027023164031561 1.3171758021841387 1.1932206941504127
319 1.0392673054988346 1.1335936139439582 1.2119113148679381 1.2963035487046 1.3226005433740655 1.1848199708122855
320 1.0349544382001123 1.1245714646865963 1.216210631888861 1.2897695040737744 1.3279972182268838 1.176401188198114
321 1.0448504288027844 1.123132939414063 1.2200570204318857 1.2832202667777892 1.3221114770191351 1.1844856204200631
322 1.0547097429911456 1.1214614389100461 1.2205920409784077 1.2781386872229632 1.3277631181905607 1.176235836531604
323 1.0490797555352411 1.1131968618938117 1.2240376644209383 1.2735036605445202 1.3333351145180503 1.1679320508349782
324 1.0589618712941966 1.1116659225299372 1.2284228503145633 1.2687162504007574 1.3388614103811423 1.1595977810878402
325 1.0546291803288124 1.1026532764881267 1.2330628106743453 1.2636216202226933 1.3329999291951398 1.1676998199630624
326 1.0645374420377276 1.1013018532757997 1.2349283303507028 1.259864606516203 1.3387551767433623 1.1595219760868793
327 1.0744202916788719 1.0997756616779952 1.238979716263747 1.2559336303675082 1.3444379049966673 1.1512935744334107
328 1.0690457660051844 1.091342722029367 1.2437663413025795 1.2516469350957777 1.350066756704692 1.1430282234881168
329 1.078954337844517 1.0899935739216744 1.2488895081356524 1.2470746464969125 1.3442219820486943 1.1511423229906803
330 1.0809012359053678 1.0801849255440175 1.2510632445942966 1.2437493373581674 1.3500731823647956 1.1430328568179255
331 1.0908549200788922 1.079223590400943 1.255423628436437 1.2401956071553286 1.3558643826896886 1.1348804343227392
332 1.0993044316814131 1.0738751552635222 1.2605043637473492 1.23623796631 1.3616022154370884 1.126690363112474
333 1.107541161221344 1.0682045044013648 1.265860121408513 1.2319044818577822 1.355782487304751 1.1348224455226308
334 1.1154636867389864 1.062102572490403 1.2559672097582726 1.2333640346478205 1.3619690894762615 1.1269658595059162
335 1.1231975398071892 1.0557632110649138 1.2654552000481991 1.23020523271407 1.3677493136989514 1.1188056502226835
336 1.13074274138071 1.049200442583242 1.2746254212130217 1.2262168707966339 1.3735248864310423 1.1106421487141496
337 1.1381637548141963 1.0424975654677837 1.2705248498265056 1.2254271790443454 1.3677828836868147 1.1188292974341756
338 1.145316872843433 1.0355095113263815 1.2690224581770955 1.2256449150154367 1.3739327107238213 1.110943892571712
339 1.149187027341578 1.026288778950402 1.2785511426069198 1.2226110758492723 1.3797842654081622 1.1028346815813428
340 1.1582005879421569 1.0219579906770377 1.281024063415861 1.2209466903004795 1.3857907605039517 1.0948395576063639
341 1.1673453830693699 1.017911668830493 1.2869768966362236 1.2181456021498889 1.3800183458867112 1.1030052914951092
342 1.1761815816675163 1.0132296206065803 1.2863737889589166 1.2176638130040374 1.3862396808023194 1.0951761794943458
343 1.184918927824948 1.0083655914859264 1.2915948038013076 1.2155123030242976 1.3923269690627793 1.0872423952180987
344 1.1935397813607789 1.003297961280623 1.2980793034681475 1.2125999607087579 1.3983389529081622 1.0792513970021254
345 1.2019153450195528 0.9978344523915439 1.3049274678365683 1.2092028554470744 1.3926360075044075 1.0874657990146523
346 1.2096363677223063 0.9914794698925107 1.3053593180107774 1.2080870410136413 1.398913180330638 1.0796813867721802
347 1.2172249549579657 0.9849669169270783 1.3105801219086053 1.2055421156983357 1.405074815140907 1.0718052038658505
348 1.2250173435126281 0.9786996473194449 1.3173188731039764 1.2022664083342534 1.399408116346095 1.0800446528676992
349 1.2342561780054904 0.9825263879829436 1.3181046761188546 1.2012255608278792 1.4057826915437917 1.072339797924841
350 1.238050597119037 0.973274231851974 1.323193071557943 1.198611822183011 1.412066311450545 1.0645605861876255
351 1.2470679277133978 0.9775971634880989 1.3299970865797142 1.1952596921182703 1.4182639768029193 1.0567127238694674
352 1.2498654279437698 0.96799643473787 1.337584852854524 1.1915175479080062 1.412679368039463 1.065008032668019
353 1.2589713953015245 0.9638634756774991 1.3391369749175275 1.1901963356358465 1.4195842737014035 1.0577746188003665
354 1.2675761323002017 0.9587685283840983 1.3444517744088436 1.187508206203347 1.4264380278679172 1.0504927202794796
355 1.2756563642573393 0.9528770218239515 1.351500862309512 1.1841254286409821 1.4215023418570498 1.0591897885982042
356 1.2826964285735822 0.9457750860237866 1.3529883649049217 1.1831021655525547 1.4286921931112746 1.0522395349774605
357 1.2900105895054377 0.9389557712347596 1.3580080403795356 1.1804658311593812 1.4356608473377863 1.0450675157565719
358 1.2967469849203563 0.9328991057918756 1.364930247686606 1.1770895067311358 1.430769612887744 1.0537896617982632
359 1.306721835262034 0.9336078888954944 1.3666787799762452 1.1762664681009483 1.4379997322017888 1.04688130791449
360 1.3167217437689043 0.9336506826766708 1.364277657618549 1.1682408749766182 1.4451291867213885 1.0398691138919538
361 1.3156632542189992 0.926725622262893 1.3657228830585146 1.1611977996944916 1.452152036005501 1.0327501544464475
362 1.318378660925556 0.9211482182108739 1.3691645679378772 1.1536810234829318 1.4487998568134943 1.0421715607602244
363 1.3282999155157096 0.9224006953845674 1.3732979917282129 1.1551051509741228 1.456082020761315 1.0353180887844509
364 1.3382853251927382 0.922940680404281 1.3810744537355268 1.1555356331227813 1.4632732345404664 1.028369245186085
365 1.3371178163028172 0.9166101111295575 1.3893452203215921 1.1542346348578576 1.460067335391287 1.0378414262753075
366 1.3470800444296411 0.9174784566239396 1.386643776003074 1.149025736056501 1.467387526636813 1.031028585575158
367 1.357076671887081 0.917738113199448 1.3957155489211792 1.1505622500844765 1.474597415761892 1.0240991200056022
368 1.3670761529168896 0.9176362319667533 1.40504950777049 1.1503538523829775 1.4821444334144334 1.017538440014804
369 1.3695556213891915 0.9259268711139157 1.4105839168501908 1.1444076930201845 1.4790799455864916 1.027057310167337
370 1.3784381523541025 0.9213333274055913 1.410245608540753 1.141669462856953 1.4864021950549076 1.0202466813583022
371 1.38772080184881 0.917614131449227 1.4192474903562462 1.143268774219905 1.4941046988739262 1.013869265626753
372 1.3846975588052384 0.9237603570618376 1.4288657261082327 1.1430136308335932 1.4916154217122684 1.023554485823596
373 1.3932166262342445 0.9185234221913561 1.4283938437607495 1.1397843401209684 1.4989746623820255 1.0167838452119475
374 1.4020574367417804 0.9138500874214515 1.4369453901332228 1.1411917403602274 1.5067548296562026 1.0105014104131704
375 1.4013323857028819 0.9198592037246272 1.4467302478757111 1.140679107818869 1.5047450772168676 1.020297374177361
376 1.4097895518456436 0.9145228804372891 1.4463844480656909 1.137156148746726 1.5121713353934327 1.0136003099117523
377 1.4185813328762389 0.9097579477638646 1.4546413798549103 1.138571142058936 1.52004236994857 1.0074320999641067
378 1.4279447541151977 0.9062470593307808 1.4646206698113011 1.137927895426401 1.5186431016687865 1.0173337185490972
379 1.4375891786579824 0.9069497415730439 1.4647855838726165 1.1344810798909748 1.5268622888167018 1.01163767052033
380 1.4438970129516757 0.9063099050945311 1.472306063022733 1.1360769028688082 1.535089132367503 1.0059526870694107
381 1.4498497521084583 0.905675464990054 1.4822487361694576 1.1356705912476173 1.5432253619570846 1.0001387578170842
382 1.4573939310897923 0.9122394092664763 1.4910030761699082 1.130837215212523 1.5403088205408866 1.0097039957266396
383 1.464696959457252 0.9054081740141555 1.5004119943792822 1.127450144951581 1.5480280993421192 1.0033468944687491
384 1.4666787896816469 0.9024534190357372 1.5104107089306118 1.1272898137685843 1.5470018802358398 1.0132940984997993
385 1.4722979113970733 0.9011571174305573 1.5203908733989002 1.1279193448717706 1.5546927294841597 1.0069026328358894
386 1.4776104966689683 0.899539118847315 1.5303819427232148 1.1283418772218283 1.562418416250367 1.0005533216256743
387 1.483053296203617 0.8979486048738181 1.5403800006921293 1.1285389129188843 1.5620764941474052 1.0105474745590335
388 1.4894999068741537 0.8973229623334191 1.5503356769646408 1.1294793846900575 1.5698358342548462 1.0042393343258744
389 1.4948875339281595 0.8960089252032049 1.5603191047872307 1.1300548496074043 1.5776422941622885 0.9979895996596759
390 1.5002672927033938 0.8945912669114477 1.5703189574147465 1.130109141129651 1.5780011545490569 1.0079831584092325
391 1.5070832067680395 0.8944768374094565 1.5789798252249958 1.1310036328650312 1.5858070072341806 1.0017326656464582
392 1.5124418794688619 0.893430725485814 1.5842137873138191 1.130647165919072 1.5936499065343386 0.9955287217829472
393 1.5177856384356356 0.8922173816717986 1.588641669225216 1.129679868448875 1.5945086466005167 1.0054917815808302
394 1.5247148502197898 0.8924708297599864 1.5918813567574026 1.1302040571899852 1.6023563496625146 0.9992939150627798
395 1.5300807732668555 0.8916833220755507 1.596353676259786 1.1300814379646908 1.6031186140231883 1.0092648203220314
396 1.53726483309165 0.8925694970421318 1.6001828888862284 1.1312469880504068 1.6109833248980439 1.0030885483805185
397 1.5424231214959956 0.8920002048726019 1.6051882746129187 1.131532969593536 1.618911887248615 0.9969944609996026
398 1.547476101531539 0.8910142321728927 1.6107637806295307 1.1310942460258957 1.6203805185711107 1.006886028751368
399 1.5546210094866193 0.8919100183884439 1.6144752962014528 1.1313576145330444 1.6282954249387702 1.000774215042228
400 1.55982228448138 0.8914419382817869 1.618893186418608 1.13022142869886 1.629506391202668 1.0107006217088645
401 1.5671626579527593 0.8929170166848053 1.6230752592406126 1.1299640454235487 1.637415330586592 1.0045810891982263
402 1.572130941650722 0.8926510868950572 1.6290401712491067 1.1286649660323747 1.645377079685787 0.9985304247323519
403 1.5769355714832283 0.8918457985164423 1.6363724496646674 1.126494583033491 1.6471729480750954 1.008367845389629
404 1.5841322064910865 0.8931544960250903 1.6428410535178037 1.1254657500539906 1.6551095766104853 1.0022842675183063
405 1.5891364224766231 0.8929180577433726 1.648836548297003 1.123786571843084 1.6567300313241875 1.0121521005142575
406 1.5964918009516633 0.8947712604458502 1.6537977679132374 1.1236737334620557 1.6646596870474613 1.0060594361942357
407 1.601293003517095 0.8947317692945944 1.6597307122743579 1.1230173423173255 1.6661548607140875 1.0159470271986073
408 1.6087669612419642 0.89695512149774 1.6661003048962804 1.1246807537027053 1.6736039535231984 1.0092753708098179
409 1.6132174626503921 0.8968175496411277 1.6710956030025037 1.1237859476459562 1.6815979822628295 1.003267417728538
410 1.6176164488819278 0.8960831916047027 1.677105501616642 1.1223658807211905 1.6839442227125263 1.0129882796403116
411 1.6248704175044633 0.8978263459721347 1.6832185870467575 1.1227445650074515 1.6914678138770258 1.006400747757042
412 1.6295412982393838 0.8976579664449673 1.6902651627047809 1.1219971807367983 1.6938208392445093 1.0161199686784392
413 1.6368696157400346 0.8998645029205363 1.6989136467187556 1.1238948133468512 1.7012946731034762 1.0094760386940187
414 1.6413343682464994 0.8998438814141991 1.7075693885295542 1.1235211022067233 1.7004869680591954 1.0194433658119386
415 1.6492732245054877 0.9024387631052377 1.7173150636686834 1.1257620426695212 1.7079516176805927 1.012789119567359
416 1.6536531516861952 0.902383378450395 1.726965920856491 1.123142699325399 1.7071542245308964 1.022757276493693
417 1.6622001913887299 0.9056403604099614 1.736839514082566 1.1215577229959308 1.7148870703737347 1.0164166857224053
418 1.6660605742175914 0.9055811255693698 1.7467072669847759 1.1199367800363689 1.7179614267285077 1.0259323735457009
419 1.6746093377982116 0.9091444290697837 1.7566938845871838 1.1194196055512293 1.7250601420152096 1.0188890617076403
420 1.6779144109272248 0.9088468275895139 1.7666841278283747 1.119861225997738 1.7237895140630288 1.028808008480454
421 1.6861963198565728 0.9144512884249707 1.7766182207002195 1.1210074398477445 1.732232881730525 1.0234498801376766
422 1.6892978726931698 0.9137274411787075 1.7865491060971173 1.1221811130453716 1.7294565346297903 1.0330567472349947
423 1.6975876922764666 0.9193201948237402 1.7964314677252324 1.12065176275064 1.7381522264537497 1.0281186351288205
424 1.7013857617088444 0.9192245882968564 1.8063358793466242 1.1192724062639172 1.7364832437803133 1.0379783758629209
425 1.7096337919168956 0.9248787896740396 1.8163196126430186 1.1187022657759371 1.7451627557371838 1.0330118807699626
426 1.7179197120525724 0.9304773179846961 1.8262950133963378 1.118001270449895 1.7440714105238302 1.0429521501731223
427 1.7259802334987409 0.9363957621189911 1.8362950103788527 1.117994273281056 1.736143778564511 1.036856853004182
428 1.7342864620544798 0.9419641141812463 1.8448819023056777 1.1128693080640915 1.7288276832756682 1.0436740914095288
429 1.7414152194791324 0.9472746971096058 1.8515321899636539 1.1084176974504771 1.721520796904443 1.0505011995058602
430 1.751275850557614 0.9489384102434997 1.849713646547206 1.1019082886300566 1.712592613438247 1.0459970310997313
431 1.7612758223944194 0.9489149109831487 1.8491832164314466 1.0982417217123839 1.7054244936649783 1.0529696960669106
432 1.7712754375346786 0.949002666882734 1.8591447879758554 1.0991175592894251 1.6978439386208637 1.0594915967170244
433 1.7811315135144479 0.9506931557734788 1.8689529306453543 1.1002445713634188 1.6902735727113767 1.0660253219042068
434 1.7905952819668538 0.9539170310781628 1.8777336941298919 1.101660148614883 1.6826486508567913 1.0724952952671891
435 1.7948750994213707 0.9629549047858745 1.8860135262098985 1.1035274041601042 1.672679809408365 1.0717064995636327
436 1.7989324360200054 0.972094818851474 1.8946483374771552 1.106213353599287 1.6630796999876483 1.0689068759177907
437 1.8069474744655973 0.9780747144432098 1.9029540063080268 1.109187692661635 1.6538816108574255 1.0649832087886615
438 1.8147899490826613 0.984279196611169 1.9109510273870902 1.1123594870109628 1.6451558540781124 1.0600984200221581
439 1.8221684262201971 0.9910288694263727 1.9187195577856975 1.1157160897523681 1.6406952566673143 1.0511483877283616
440 1.828825951651562 0.9983937948891253 1.9263356083270984 1.1192279181227605 1.64032851155811 1.0411551148948355
441 1.837658381187249 1.0030829514325887 1.9337289693963604 1.1228139244735758 1.6451190816793686 1.0323772766945047
442 1.8472480746962912 1.0059180472926528 1.9411279589136021 1.1265782439400027 1.6529880384538418 1.0262064175997956
443 1.8567098119341618 1.009154637245956 1.948436178938754 1.1304589102760474 1.6607047351632362 1.0198461819757803
444 1.865994297065664 1.0128692499311 1.9556326118496137 1.1344299351580958 1.6687907515648848 1.013962618200211
445 1.8750122572340853 1.0171908693337173 1.9627255985711591 1.1384903381363074 1.6773044359494096 1.0087169358824475
446 1.8836146072530038 1.0222898464598984 1.9697392971453147 1.1426519656338314 1.6862370217774159 1.0042215037477298
447 1.8913253705062754 1.0286572746881575 1.9767039657768684 1.146933455278031 1.6955423778478151 1.000559492860092
448 1.8929488260577283 1.0385246131518215 1.9836466319125967 1.1513563066505412 1.705303440298522 0.9983865571060313
449 1.8969475461448393 1.04769032205877 1.989984687158175 1.155581468042783 1.7150915269363767 0.9963387876135392
