TimeStep Obstacle1_X Obstacle1_Y Obstacle2_X Obstacle2_Y Obstacle3_X Obstacle3_Y
0 2.5 1.5 1.5 1.5
1 2.4998077585698493 1.518498553958393 1.5001202422941464 1.4935011580436808
2 2.4992311371093505 1.5369884326685164 1.5004808767143842 1.4870092633978382
3 2.498270444046592 1.5554609658883056 1.5010816259343844 1.4805312586155637
4 2.49692619322252 1.573907493385039 1.501922027944494 1.4740740767382112
5 2.4951991035822667 1.5923193699323361 1.5030014363529376 1.4676446365471087
6 2.4930900987432842 1.6106879702979613 1.504319020807242 1.4612498378243624
7 2.4906003064405406 1.6290046942193683 1.5058737675356069 1.4548965566257728
8 2.4877310578491283 1.6472609713639392 1.5076644800078867 1.4485916405688783
9 2.484483886784705 1.6654482662708765 1.5096897797157616 1.4423419041391314
10 2.4808605287822556 1.683558083271721 1.5119481070716105 1.4361541240171987
11 2.476862920053753 1.7015819713864782 1.5144377224255148 1.4300350344303658
12 2.4724931963253587 1.719511529192351 1.5171567071997525 1.4239913225310121
13 2.467753691554885 1.7373384096621036 1.520102965140069 1.4180296238051031
14 2.46264693653031 1.7550543249690778 1.523274223682931 1.412156517513627
15 2.4571756573502177 1.772651051255936 1.5266680354379032 1.406378522169889
16 2.451342773787099 1.7901204333641916 1.5302817797842139 1.4007020910555417
17 2.445151397534532 1.8074543895216444 1.534112664580498 1.3951336077782204
18 2.43860483033932 1.8246449159848426 1.5381577279866427 1.389679381873613
19 2.4317065620197513 1.84168409163373 1.5424138403965826 1.3843456444547753
20 2.424460268371201 1.8585640825156688 1.546877706480828 1.3791385439114667
21 2.4168698089603757 1.8752771463360527 1.5515458673374338 1.3740641416622559
22 2.408939224809562 1.8918156368927639 1.5564147027500557 1.3691284079621056
23 2.4006727359723175 1.908172008451761 1.5614804335516628 1.3643372177681194
24 2.3920747390021013 1.9243388200611222 1.5667391240924227 1.3596963466660876
25 2.383149804315412 1.9403087398009011 1.5721866848101933 1.3552114668604398
26 2.373902673451061 1.9560745489662037 1.5778188749020043 1.350888143230165
27 2.3643382562272888 1.9716291461809243 1.583631305094841 1.3467318294532253
28 2.3544616277984685 1.986965551439627 1.5896194405139792 1.3427478642019368
29 2.344278025613229 2.0020769100751084 1.5957786036470631 1.3389414674117597
30 2.3337928462758777 2.0169564966492124 1.602103977402056 1.335317736625879
31 2.32301164231306 2.031597718764526 1.6085906082571275 1.3318816434179235
32 2.311940118847663 2.0459941207946324 1.615233409500497 1.3286380298951106
33 2.30058413018202 2.060139387530638 1.622027164558179 1.3255916052840604
34 2.288949676292521 2.07402734774176 1.628966530407538 1.3227469426014682
35 2.2770428992378164 2.087651977647799 1.6360460410744904 1.3201084754117725
36 2.2648700794828125 2.1010074043013818 1.6432601112121472 1.317680494673899
37 2.2524376321407535 2.11408790887792 1.6506030397586402 1.3154671456791065
38 2.239752103135703 2.1268879298712786 1.6580690136718186 1.3134724250819052
39 2.226820165287799 2.1394020661932123 1.665652111738457 1.3117001780259547
40 2.213648614323712 2.15162508017469 1.6733463084555718 1.3101540953667936
41 2.2002443648147603 2.163551900467283 1.6811454779813904 1.3088377109931897
42 2.1866144460452084 2.1751776248428567 1.6890433981534814 1.3077543992488398
43 2.172765997813291 2.1864975228898715 1.6970337545715024 1.3069073724560827
44 2.158706266167569 2.1975070386046585 1.7051101447419916 1.306299678543223
45 2.144442599081245 2.208201792876104 1.7132660822825792 1.305934198777009
46 2.129982442067121 2.2185775858622456 1.7214950011829642 1.3058136456017242
47 2.1153333337359 2.228630399257336 1.7297902601199642 1.3059405605863028
48 2.1005029013005836 2.238356398448026 1.7381451468239106 1.3063173124807992
49 2.085498856029744 2.2477519345573507 1.7465528824936276 1.3069460953834784
50 2.0703289886524736 2.256813546375311 1.755006626257206 1.3078289270197243
51 2.055001164717861 2.265537962174878 1.763499479675753 1.3089676471338918
52 2.039523319911852 2.2739221014123494 1.7720244912872658 1.310363915995156
53 2.023903455334397 2.2819630763110315 1.7805746611877602 1.3120192130183437
54 2.0081496327397943 2.289658193327319 1.7891429456467542 1.3139348355006595
55 1.9922699697431765 2.297004954498295 1.797722261754191 1.316111897475139
56 1.9762726349960948 2.304001058670063 1.8063054920958557 1.3185513286816026
57 1.9601658433341853 2.31064440260609 1.8148854894543358 1.3212538736557944
58 1.9439578508999085 2.3169330819749128 1.823455081532544 1.3242200909373243
59 1.927656950243378 2.3228653922166416 1.8320070756968185 1.3274503523969554
60 1.9112714654042995 2.3284398292877637 1.840534263736599 1.3309448426837092
61 1.8948097469780565 2.333655090283828 1.8490294266376617 1.334703558792169
62 1.8782801671689875 2.338510073939664 1.8574853393658977 1.3387263097503073
63 1.8616911148339081 2.3430038810068785 1.8658947756585993 1.3430127164280752
64 1.845050990518935 2.3471358145084205 1.8742505128202265 1.3475622114669155
65 1.8283682014926712 2.350905379870121 1.8825453365196105 1.3523740393302897
66 1.8116511567788218 2.3543122849291502 1.890772045585559 1.3574472564752313
67 1.794908262191297 2.3573564398194424 1.898923456797824 1.3627807316448628
68 1.7781479153748672 2.3600379567341983 1.9069924096703952 1.36837314628173
69 1.761378500854425 2.362357149565656 1.914971771224089 1.374222995061749
70 1.7446083850959089 2.3643145334223985 1.9228544407454047 1.3803285865484622
71 1.7278459115819282 2.365910824024536 1.9306333545286343 1.3866880439672413
72 1.7110993959051237 2.3671469369771914 1.9383014905982145 1.3932993060989969
73 1.6943771208822884 2.368023986922772 1.9458518734083283 1.400160128292868
74 1.6776873316922554 2.368543286572608 1.9532775785167722 1.4072680835973093
75 1.6610382310405463 2.3687063456185893 1.9605717372301246 1.4146205640088967
76 1.6444379743537558 2.3685148695255314 1.9677275412172637 1.4222147818381186
77 1.627894665006633 2.3679707582050593 1.9747382470883101 1.4300477711913329
78 1.6114163495847893 2.3670761045718693 1.9815971809360806 1.4381163895680018
79 1.5950110131859534 2.365833192983317 1.9882977428371706 1.446417319572242
80 1.5786865747626584 2.364244497563341 1.9948334113098054 1.4549470707376613
81 1.5624508825092236 2.362312680411796 2.0011977477256226 1.4637019814643693
82 1.5463117092958691 2.360040589700369 2.0073844006725867 1.4726782210669962
83 1.5302767481527608 2.3574312576562804 2.0133871102662506 1.481871791932465
84 1.5143536078067696 2.3544878984350825 2.019199712406632 1.4912785317862116
85 1.4985498082736735 2.3512139058839088 2.0248161429779836 1.5008941160654596
86 1.482872776508514 2.3476128511966055 2.03023044198879 1.510714060398111
87 1.4673298421167738 2.34368848046225 2.035436757649352 1.5207337231857276
88 1.451928233129003 2.3394447121086075 2.040429350384354 1.5309483082890207
89 1.436675071841488 2.334885634242165 2.045202596777865 1.5413528678142077
90 1.4215773707255017 2.330015501886436 2.049750993448246 1.5519423049985188
91 1.4066420284076548 2.324838734120279 2.0540691608504984 1.562711377193081
92 1.3918758257237904 2.319359911118066 2.0581518470036197 1.5736546989413502
93 1.3772854218488517 2.3135837710935605 2.0619939311405875 1.5847667451511849
94 1.3628773505050746 2.307515207149459 2.065590427278633 1.596041854358619
95 1.3486580162508344 2.3011592640345793 2.068936487707531 1.6074742320813125
96 1.3346336908524008 2.2945211348107613 2.0720274063936515 1.6190579542596155
97 1.3208105097408254 2.287606157431574 2.0748586222976177 1.6307869707831184
98 1.3071944685561103 2.280419811235009 2.0774257226034223 1.6426551091005113
99 1.2937914197807774 2.272967713352365 2.079724445856939 1.6546560779105215
100 1.280607069464871 2.265255615035594 2.0817506850118095 1.6667834709316431
101 1.2676469740444012 2.2572893979054323 2.0835004903807497 1.679030770748331
102 1.2549165372551485 2.249075070122684 2.0849700724903752 1.6913913527312736
103 1.2424210071437116 2.2406187624850586 2.0861558048377034 1.7038584890293205
104 1.2301654731776037 2.231926724452044 2.087054226546555 1.716425352630587
105 1.2181548634561532 2.223005320100305 2.087662044922142 1.729085021490223
106 1.2063939420238923 2.2138610240121577 2.087976137902182 1.7418304827222824
107 1.1948873062880532 2.2045004170997142 2.0879935564029597 1.7546546368530949
108 1.1836393845417374 2.1949301823673215 2.0877115265588024 1.7675503021334995
109 1.1726544335942397 2.1851571006149584 2.0871274518535206 1.7805102189072646
110 1.1619365365099554 2.1751880460853013 2.0862389151424225 1.7935270540329777
111 1.1514896004572266 2.165029982057186 2.0850436805635755 1.8065934053566641
112 1.1413173546684128 2.154689956388243 2.083539695337074 1.819701806232347
113 1.1314233485124023 2.144175097009506 2.0817250914511196 1.8328447300877477
114 1.121810949680714 2.1334926073748166 2.079598187233807 1.846014595032281
115 1.1124833424882594 2.1226497618678932 2.0771574888095783 1.8592037685044818
116 1.1034435262897762 2.1116539011699436 2.0744016914393693 1.8724045719559708
117 1.0946943140128567 2.1005124275907225 2.071329680743558 1.8856092855690452
118 1.0862383308084356 2.0892328003659766 2.0679405338068917 1.8988101530049593
119 1.0780780128195162 2.0778225309242155 2.064233520164639 1.9119993861799338
120 1.07021560606885 2.06628917812578 2.060208102669297 1.9251691700659233
121 1.0626531654662044 2.0546403434771996 2.0558639382372466 1.9383116675131502
122 1.055392553935778 2.0428836663238266 2.05120087847484 1.9514190240914
123 1.048435441664253 2.0310268190237704 2.046218970183458 1.9644833729470597
124 1.0417833054698902 2.0190775021061516 2.04091845574317 1.9774968396728718
125 1.0354374282930077 2.0070434394167047 2.0352997733746943 1.9904515471873678
126 1.0293988988080978 1.994932373253777 2.0293635572794395 2.003339620620937
127 1.023668611157765 1.9827520594977615 2.023110637657472 2.0161531922054814
128 1.0182472648085943 1.9705102627370177 2.0165420406033467 2.0288844061646087
129 1.0131353645289791 1.9582147513933266 2.009658987879803 2.0415254236013074
130 1.0083332204888595 1.9458732928499325 2.0024628965694045 2.0540684273800522
131 1.003840948481256 1.9334936485852166 1.99495537860429 2.0665056270002973
132 0.9996584702653919 1.9210835693150445 1.987138240174255 2.078829263458304
133 0.9957855140311381 1.9086507901468315 1.9790134810134916 2.0910316140942737
134 0.9922216149844236 1.896203025748342 1.9705832935663554 2.1031049974217524
135 0.9889661160531901 1.8837479655342548 1.961850062032634 2.115041777936287
136 0.9860181687133885 1.8712932688734947 1.9528163612928469 2.1268343709003363
137 0.9833767339344412 1.8588465603203213 1.9434849557141913 2.138475247101428
138 0.9810405832435181 1.8464154248721614 1.9338587978378197 2.1499569375806007
139 0.9790082999079057 1.834007403257136 1.923941026948209 2.1612720383281685
140 0.9772782802346641 1.8216299872542319 1.9137349675254567 2.1724132149438615
141 0.9758487349867077 1.8092906150490282 1.903244127581414 2.1833732072584366
142 0.9747176909143572 1.7969966666278845 1.8924721968806288 2.194144833913854
143 0.9738829924013532 1.784755459213455 1.88142304504716 2.2047209968991632
144 0.9733423032242379 1.7725742427443816 1.8701007195583803 2.2150946860392433
145 0.9730931084239485 1.760460195401976 1.858509443626964 2.2252589834335943
146 0.9731327162883949 1.7484204191866848 1.8466536139723277 2.2352070678423934
147 0.9734582604447188 1.7364619355470878 1.8345377984828488 2.244932219017066
148 0.9740667020598714 1.724591681064156 1.822166733770274 2.254427821972658
149 0.9749548321480765 1.7128165031934524 1.8095453226177804 2.263687371199321
150 0.9761192739836728 1.7011431560679295 1.7966786313232277 2.272704474810282
151 0.9775564856177736 1.6895782963639285 1.7835718869392023 2.2814728586236748
152 0.9792627624971125 1.678128479232959 1.770230474411523 2.2899863701756864
153 0.9812342401833751 1.6668001543017819 1.7566599336179314 2.298238982662485
154 0.9834668971712661 1.655599661743285 1.7428659563087674 2.30622479880846
155 0.9859565578034863 1.6445332284205927 1.7288543829514782 2.3139380546583364
156 0.9886988952807448 1.633606964106799 1.7146311994808778 2.32137312329078
157 0.991689434764863 1.6228268577826792 1.700202533957129 2.328524518451163
158 0.9949235565729784 1.6121987740146682 1.6855746531334788 2.335386898101187
159 0.9983964994607901 1.6017284494153565 1.6707539589358382 2.3419550678831467
160 1.0021033639927404 1.5914214891887015 1.6557469848563446 2.348223984496636
161 1.0060391159969684 1.5812833637620822 1.6405603922631073 2.354188758985579
162 1.0101985901028188 1.5713194055072977 1.625200966628385 2.359844659933499
163 1.01457649335864 1.561534805552529 1.6096756136774966 2.3651871165650236
164 1.019167408927553 1.5519346106872374 1.5939913554608134 2.370211721751654
165 1.0239657998588294 1.5425237203619133 1.5781553263512371 2.3749142349199066
166 1.0289660129324574 1.5333068837845307 1.5621747689696028 2.379290584859983
167 1.0341622825744505 1.524288697115493 1.5460570300405045 2.38333687243319
168 1.0395487348403833 1.5154736007628067 1.529809556181073 2.3870493731764
169 1.0451193914646193 1.506865876779144 1.5134398896252854 2.3904245398018915
170 1.0508681739726438 1.4984696463623994 1.4969556638864263 2.393459004590988
171 1.056788907853875 1.4902888674612744 1.4803645993603523 2.3961495816799725
172 1.0628753267922932 1.4823273324873643 1.4636744988722576 2.398493269236824
173 1.0691210769521913 1.4745886661351455 1.4468932431696693 2.400487251527387
174 1.0755197213163148 1.4670763233112019 1.4300287863644352 2.402128900869655
175 1.0820647440736244 1.459793587173956 1.4130891513265005 2.4034157794749227
176 1.0887495550538921 1.452743567285101 1.3960824250323003 2.4043456411746207
177 1.0955674942063005 1.4459291978738567 1.3790167538706208 2.404916433031733
178 1.1025118361191997 1.4393532362151098 1.3619003389088138 2.405126296835752
179 1.1095757945781426 1.433018261122419 1.3447414311222672 2.404973570480209
180 1.1167525271593015 1.4269266715567932 1.3275483265900685 2.404456789221893
181 1.1240351398553412 1.4210806853520839 1.310329361659806 2.403574686820932
182 1.1314166917308095 1.415482338057756 1.2930929080844829 2.4023261965609946
183 1.1388901996040863 1.4101334818997235 1.2758473681345353 2.4007104521489424
184 1.1464486427529135 1.4050357848598722 1.2586011696879547 2.398726788493338
185 1.1540849676405163 1.4001907298748035 1.2413627613015377 2.396374742361284
186 1.1617920926593162 1.3955996141542701 1.2241406072662946 2.3936540529131505
187 1.1695629128892189 1.3912635486196945 1.2069431826500565 2.3905646621148247
188 1.1773903048674565 1.3871834574630824 1.1897789683303333 2.3871067150271834
189 1.1852671313669587 1.3833600778265693 1.172656446020479 2.3832805599725706
190 1.1931862461802147 1.3797939596027715 1.155584093292224 2.379086748578149
191 1.2011404989055932 1.376485465356017 1.1385703785976438 2.374526035696045
192 1.2091227397330804 1.3734347703644771 1.1216237562936193 2.3695993792003165
193 1.2171258242264043 1.3706418627831296 1.1047526616718666 2.3643079396608155
194 1.225142618098503 1.3681065439274105 1.0879655059975808 2.358653079894122
195 1.2331660019773176 1.365828428677342 1.0712706715597662 2.3526363643917807
196 1.2411888761588783 1.3638069460018416 1.0546765067362882 2.3462595586261714
197 1.2492041653446768 1.3620413396028412 1.0381913210766973 2.339524628234385
198 1.257204823360314 1.3605306686787766 1.021823380405848 2.332433738080594
199 1.265183837852438 1.3592738088069265 1.0055809019513358 2.3249892511974517
200 1.2731342349609915 1.3582694529440063 0.9894720494977504 2.3171937276071404
201 1.281049083963803 1.3575161125443493 0.9735049285707347 2.3090499230227604
202 1.2889215018905864 1.3570121187949356 0.9576875816538176 2.300560787430837
203 1.2967446581034188 1.3567556239664447 0.9420279834409678 2.291729463555774
204 1.3045117788407938 1.3567446028794565 0.9265340361277983 2.2825592852071828
205 1.3122161517223734 1.3569768544848246 0.9112135647443226 2.2730537755110616
206 1.319851130211582 1.3574500035572021 0.8960743125321392 2.2632166450259
207 1.3274101380332166 1.3581615025006057 0.8811239363689009 2.253051789744823
208 1.3348866735432723 1.3591086332648492 0.8663700022428806 2.2425632889849947
209 1.3422743140482174 1.3602885093716 0.8518199807804365 2.231755403165539
210 1.3495667200709778 1.3616980780487462 0.8374812428291225 2.2206325714753294
211 1.3567576395609353 1.363334122471691 0.8233610550991799 2.2091994094320517
212 1.363840912045263 1.3651932641101292 0.8094665758660878 2.197460706334021
213 1.3708104727189783 1.3672719651787832 0.7958048507368316 2.1854214226062907
214 1.3776603564711145 1.3695665311905307 0.7823828084824942 2.1730866870426757
215 1.3843847018444693 1.3720731136102642 0.7692072569397475 2.16046179394535
216 1.3909777549264106 1.3747877126077868 0.7562848789837626 2.147552200163763
217 1.3974338731682892 1.3777061799079653 0.7436222285750341 2.1343635220346795
218 1.4037475291310268 1.3808242217363151 0.7312257268825477 2.1209015322251976
219 1.4099133141545144 1.384137401858118 0.7191016584856869 2.1071721564806696
220 1.4159259419484926 1.387641144709131 0.7072561676572198 2.09318147027951
221 1.4217802521026448 1.39133073861587 0.6956952547296615 2.0789356953969236
222 1.427471213513672 1.3952013391034082 0.6844247725472496 2.0644411963796565
223 1.4329939277271853 1.3992479722885711 0.673450423005722 2.049704476933914
224 1.4383436321922962 1.4034655383563481 0.6627777536820346 2.0347321762286548
225 1.4435157034268422 1.407848815117303 0.6524121545560919 2.01953106511652
226 1.4485056600912425 1.4123924616437018 0.6423588548265158 2.004108042274696
227 1.45330916596904 1.4170910219820338 0.6326229198224159 1.9884701302680847
228 1.457922032852234 1.4219389289395499 0.6232092480130637 1.9726244715371715
229 1.4623402233295817 1.4269305079424002 0.6141225681173156 1.9565783243130572
230 1.4665598534760973 1.4320599809629038 0.6053674363145666 1.9403390584621452
231 1.4705771954420457 1.4373214705134394 0.5969482335589529 1.9239141512630265
232 1.4743886799397887 1.4427090037044097 0.5888691629984604 1.9073111831181493
233 1.4779908986269068 1.4482165163636846 0.581134247500527 1.890537833202897
234 1.4813806063840866 1.4538378572148951 0.573747327285665 1.8736018750547363
235 1.484554723486328 1.4595667921119098 0.5667120576705623 1.8565111721051382
236 1.4875103376660914 1.4653970083267898 0.560031906922048 1.8392736731570072
237 1.4902447060670805 1.471322118888491 0.5537101542232482 1.8218974078103893
238 1.492755257087416 1.4773356669695397 0.5477498877531819 1.8043904818392609
239 1.4950395921110329 1.4834311303178842 0.5421540028809779 1.7867610725222287
240 1.4970954871261979 1.4896019257310997 0.5369252004758259 1.7690174239300056
241 1.4989208942301209 1.49584141357009 0.5320659853336965 1.7511678421725496
242 1.5005139430187049 1.5021429023094024 0.5275786647218026 1.733220690608774
243 1.5018729418605452 1.5084996531212682 0.5234653470416899 1.715184385021771
244 1.5029963790543706 1.5149048844904298 0.5197279406117822 1.697067388762504
245 1.5038829238691898 1.5213517768568223 0.5163681525701254 1.678878207864944
246 1.5045314274664718 1.5278334772831494 0.513387487898 1.660625386135645
247 1.5049409237037823 1.534343104144373 0.5107872485650053 1.6423175002207728
248 1.5051106298193513 1.540873751836131 0.508568532796132 1.6239631546536057
249 1.5050399469971383 1.5474184954990822 0.5067322344612706 1.6055709768855475
250 1.5047284608120273 1.5539703957561648 0.5052790425875271 1.5871496123036994
251 1.5041759415548683 1.5605225034597503 0.504209440994643 1.5687077192380419
252 1.503382344437147 1.5670678644456664 0.5035237080537324 1.5502539639612938
253 1.5023478096751497 1.5735995242910592 0.5032219165694813 1.5317970156845093
254 1.5010726624535593 1.5801105330730618 0.5033039337858767 1.5133455415514834
255 1.4995574127685036 1.5865939501252335 0.5037694215154498 1.4949082016350332
256 1.4978027551501403 1.5930428487887427 0.5046178363919503 1.4764936439382272
257 1.4958095682649524 1.5994503211552593 0.5058484302462851 1.4581104994036196
258 1.4935789143979903 1.6058094827985356 0.5074602506054815 1.4397673769335566
259 1.4911120388153887 1.6121134774916586 0.5094521413143605 1.421472858424602
260 1.4884103690075452 1.6183554819069657 0.5118227432795266 1.4032354938191283
261 1.4854755138134323 1.624528710295626 0.5145704953352036 1.3850637961771053
262 1.482309262426591 1.6306264191439064 0.5176936352303789 1.3669662367711064
263 1.4789135832834237 1.636641911803144 0.5211902007366315 1.3489512402075385
264 1.4752906228344755 1.6425685430904835 0.525058030875953 1.3310271795770843
265 1.471442704199482 1.6483997238574344 0.5292947672677972 1.3132023716373282
266 1.4673723257070124 1.6541289255233376 0.5338978555945083 1.295485072030517
267 1.4630821593196335 1.6597496845708481 0.5388645471842248 1.277883470539385
268 1.4585750489455709 1.6652556070005617 0.5441919007102602 1.2604056863839435
269 1.4538540086379326 1.6706403727419479 0.5498767840059108 1.2430597635621263
270 1.448922220682618 1.6758977400177635 0.5559158759935513 1.2258536662371262
271 1.443783033576118 1.6810215496591692 0.5623056687268253 1.2087952741742622
272 1.4384399598944646 1.6860057293687867 0.5690424695446501 1.1918923782301594
273 1.4328966740546811 1.6908442979289724 0.5761224033357036 1.1751526758970023
274 1.4271570099701258 1.6955313693526233 0.5835414149119781 1.1585837669045937
275 1.4212249586012073 1.7000611569738542 0.5912952714899276 1.1421931488828958
276 1.4151046654030104 1.704427977475937 0.5993795652776659 1.1259882130877195
277 1.4088004276714328 1.7086262548539217 0.6077897161666035 1.1099762401921602
278 1.4023166917895038 1.7126505243094043 0.616520974525856 1.0941643961463636
279 1.3956580503756122 1.7164954360749483 0.6255684240976811 1.0785597281081374
280 1.3888292393354402 1.7201557591657122 0.6349269849921498 1.0631691604469067
281 1.3818351348194526 1.723626385055876 0.6445914167791897 1.0479994908234382
282 1.3746807500878586 1.726902331277517 0.6545563216760796 1.0330573863477377
283 1.3673712322850147 1.7299787449396187 0.6648161478284146 1.0183493798174508
284 1.3599118591253014 1.7328509061649615 0.6753651926825106 1.0038818660390707
285 1.3523080354925558 1.7355142314426881 0.6861976064471452 0.9896610982341862
286 1.3445652899552019 1.7379642768943864 0.6973073956424944 0.9756931845329615
287 1.3366892711992713 1.740196741451598 0.7086884267340585 0.9619840845569806
288 1.3286857443815596 1.7422074699427006 0.7203344298493222 0.9485396060935343
289 1.3205605874052142 1.7439924560871845 0.7322390025748449 0.9353654018633707
290 1.3123197871201004 1.7455478453953908 0.7443956138314238 0.9224669663838728
291 1.3039694354503366 1.746869937971844 0.7567976078249283 0.9098496329295646
292 1.2955157254514367 1.7479551912203672 0.7694382080703508 0.8975185705917907
293 1.286964947299547 1.7488002224492376 0.782310521486584 0.8854787814393501
294 1.278323484215301 1.749401811374694 0.7954075425593836 0.8737350977818006
295 1.2695978083248636 1.7497569025211763 0.808722157569934 0.8622921795370906
296 1.2607944764607686 1.749862607516742 0.8222471488863986 0.851154511705105
297 1.2519201259051984 1.7497162072821684 0.8359751993157906 0.8403264019486514
298 1.242981470078395 1.7493151541123202 0.8498988965134756 0.8298119782833404
299 1.2339852941749054 1.7486570736484208 0.8640107374475623 0.8196151868777509
300 1.2249384507504295 1.7477397667399457 0.8783031329154258 0.8097397899651987
301 1.2158478552620442 1.7465612111949191 0.89276841210956 0.8001893638683617
302 1.2067204815646162 1.7451195634174592 0.907398827229932 0.7909672971379371
303 1.1975633573662483 1.7434131599315064 0.9221865581399828 0.7820767888064474
304 1.188383559645624 1.7414405187897182 0.9371237170633919 0.7735208467582256
305 1.1791882100341422 1.7392003408666021 0.9522023533186966 0.7653022862165504
306 1.169984470165755 1.7366915110350252 0.9674144580888341 0.7574237283488203
307 1.1607795369974445 1.733913099225312 0.9827519692226583 0.7498875989905904
308 1.1515806381032954 1.730864361366216 0.9982067760654553 0.742696127489212
309 1.1423950269451266 1.727544740207127 1.0137707243154714 0.7358513456677487
310 1.1332299781226767 1.7239538660209446 1.0294356209034485 0.7293550869097658
311 1.1240927826063385 1.7200915571871338 1.045193238892147 0.7232089853655113
312 1.1149907429554538 1.7159578206545434 1.0610353223928293 0.7174144752799372
313 1.1059311685251907 1.7115528522836465 1.0769535914956603 0.7119727904429265
314 1.0969213706650305 1.7068770370679447 1.0929397472109765 0.7068849637620258
315 1.087968657911901 1.7019309492343413 1.1089854764183749 0.7021518269578927
316 1.079080331180991 1.6967153522223781 1.1250824568205533 0.6977740103826073
317 1.0702636789572904 1.691231198542296 1.14122236189885 0.6937519429609085
318 1.061525972490892 1.6854796295119603 1.1573968658674156 0.6900858522543429
319 1.0528744609990988 1.6794619748727686 1.173597648622958 0.6867757646482413
320 1.0443163668783655 1.6731797522847338 1.1898164006870051 0.6838215056613559
321 1.0358588809291114 1.6666346667010092 1.2060448281376313 0.6812227003779192
322 1.0275091575964188 1.6598286096222028 1.2222746575276056 0.6789787740018083
323 1.019274310229637 1.6527636582308967 1.2384976407859243 0.6770889525324201
324 1.0111614063638856 1.6454420744068714 1.254705560099703 0.6755522635617919
325 1.0031774630264505 1.6378663036236034 1.270890232773418 0.6743675371924225
326 0.9953294420710483 1.6300389737266792 1.2870435160625004 0.6735334070751778
327 0.9876242455429045 1.621962893594848 1.3031573119782998 0.6730483115665832
328 0.9800687110775959 1.6136410516845057 1.3192235720614567 0.6729104950047421
329 0.9726696073365664 1.6050766144584736 1.3352343021207456 0.6731180091030344
330 0.9654336294822131 1.5962729247000156 1.3511815669344605 0.6736687144606859
331 0.9583673946954112 1.5872334997131028 1.3670574949114565 0.6745602821892187
332 0.9514774377383263 1.5779620294100072 1.3828542827089718 0.6757901956537256
333 0.9447702065653266 1.5684623742873838 1.3985641998043878 0.6773557523278414
334 0.9382520579847833 1.558738563292058 1.414179593018118 0.679254065761207
335 0.9319292533745138 1.548794791577819 1.4296928909848363 0.6814820676581597
336 0.9258079544535953 1.5386354181545767 1.445096608570305 0.6840365100663109
337 0.9198942191132269 1.5282649634313143 1.460383351231076 0.686913967673602
338 0.9141939973093025 1.5176881066543344 1.4755458193143984 0.690110840212367
339 0.9087131270193003 1.50690968324236 1.4905768122956802 0.6936233549688609
340 0.903457330266065 1.4959346820201191 1.5054692329509118 0.6974475693966464
341 0.8984322092110153 1.484768242352106 1.5202160914614844 0.7015793738321716
342 0.8936432423192655 1.473415651178272 1.5348105094488893 0.7060144943108029
343 0.8890957805991051 1.461882339953465 1.5492457239368231 0.7107484954815178
344 0.8847950439182364 1.4501738814924976 1.563515091238271 0.7157767836184044
345 0.8807461173991205 1.4382959867227696 1.5776120907651876 0.7210946097270448
346 0.876953947895734 1.4262545013464594 1.5915303287584466 0.7266970727438125
347 0.8734233405539882 1.4140554024143188 1.6052635419357724 0.7325791228260492
348 0.8701589554580088 1.4017047948131907 1.618805601055428 0.7387355647310303
349 0.8671653043644272 1.3892089076694085 1.6321505143934831 0.7451610612815789
350 0.8644467475267683 1.3765740906702961 1.6452924311325363 0.7518501369161275
351 0.8620074906119771 1.3638068103060328 1.658225644659828 0.7587971813209788
352 0.8598515817110599 1.3509136460342048 1.6709445957727334 0.7659964531424674
353 0.8579829084457593 1.33790128636941 1.6834438757896841 0.77344208377667
354 0.8564051951731264 1.3247765249003283 1.6957182295646271 0.781128081234266
355 0.8551220002897866 1.3115462562367253 1.707762558403187 0.7890483340781114
356 0.8541367136376413 1.298217471888883 1.7195719228787691 0.797196615431025
357 0.8534525540126747 1.284797256082019 1.731141545546886 0.8055665870512699
358 0.8530725667784803 1.2712927815082709 1.7424668135560764 0.8141518034731436
359 0.8529996215860511 1.2577113050188866 1.7535432811538283 0.822945716210072
360 0.8532364102013137 1.2440601632592783 1.7643666720860038 0.8319416780175506
361 0.853785444441816 1.230346768249647 1.7749328818883114 0.8411329472132467
362 0.8546490542239169 1.2165786029139194 1.785237980068457 0.8505126920515373
363 0.8558293857217507 1.2027632165597604 1.7952782121776596 0.860073995149726
364 0.8573283996391716 1.1889082203124706 1.805050001770294 0.8698098579631495
365 0.8591478695958187 1.1750212825055975 1.8145499522504922 0.8797132053063577
366 0.8612893806283584 1.161110124031118 1.8237748486046044 0.889776889917516
367 0.8637543278079055 1.1471825136520828 1.8327216590184934 0.899993697063162
368 0.866543914974537 1.1332462632806282 1.841387536378708 0.9103563491804132
369 0.8696591535897487 1.1193092232242863 1.8497698196566552 0.9208575105537098
370 0.8731008617076309 1.1053792774035522 1.8578660351749603 0.9314897920231512
371 0.8768696630654575 1.0914643385436704 1.865673897755283 0.9422457557214605
372 0.8809659862943203 1.0775723433436362 1.8731913117469279 0.9531179198366069
373 0.8853900642503572 1.0637112476254107 1.8804163719356675 0.9640987633970874
374 0.8901419334670454 1.0498890214663654 1.8873473643322598 0.9751807310768645
375 0.8952214337289703 1.0361136443179846 1.893982766840236 0.9863562380169395
376 0.9006282077673825 1.022393100113861 1.9003212498025899 0.9976176746605369
377 0.9063617010778 1.0087353723700305 1.90636167642709 1.0089574115988604
378 0.9124211618598254 0.9951484392806901 1.9121031030900093 1.0203678044243836
379 0.9188056410792727 0.9816402688123577 1.9175447795181335 1.0318411985886256
380 0.9255139926526251 0.9682188137995237 1.922686148849001 1.043369934261367
381 0.9325448737537693 0.9548920070448533 1.9275268475693923 1.0549463511882575
382 0.939896745242867 0.9416677564269847 1.9320667053321638 1.06656279354377
383 0.9475678722171654 0.9285539400189782 1.9363057446516065 1.0782116147764553
384 0.9555563246834485 0.9155584012204537 1.9402441804775696 1.089885182443467
385 0.963859978351781 0.9026889439064542 1.9438824196486841 1.101575883031321
386 0.9724765155500991 0.8899533275960557 1.9472210602250808 1.113276126759872
387 0.9814034262591387 0.8773592626437415 1.9502608907010823 1.1249783523665011
388 0.9906380092671179 0.8649144054565339 1.9530028890984188 1.1366750318675094
389 1.000177373443503 0.8526263537398748 1.955448221940596 1.1483586752937496
390 1.0100184391311329 0.8405026417752148 1.9575982431091152 1.1600218353975202
391 1.020157939655878 0.828550735732263 1.959454492582318 1.171657112327784
392 1.0305924229529655 0.8167780290188233 1.9610186950577067 1.1832571582707823
393 1.0413182533089997 0.8051918376711197 1.9622927584586594 1.1948146820531447
394 1.0523316132186586 0.7937993957874891 1.9632787723265324 1.2063224537046127
395 1.063628505354962 0.7826078510083012 1.9639790060992173 1.21777330897753
396 1.075204754651939 0.7716242600449197 1.9643959072772845 1.2291601538202703
397 1.0870560104984563 0.7608555842605083 1.964532099478923 1.2404759688018074
398 1.099177749041894 0.7503086853054413 1.9643903803849487 1.2517138134846681
399 1.1115652756002867 0.7399903208100485 1.9639737195752272 1.2628668307435322
400 1.1242137271814878 0.729907140137388 1.9632852562579222 1.2739282510267858
401 1.137118075107838 0.7200656801987089 1.9623282968930507 1.2848913965583662
402 1.1502731277447569 0.710472361334217 1.9611063127118846 1.2957496854772796
403 1.163673533331617 0.7011334832617299 1.9596229371338147 1.3064966359122079
404 1.1773137829131837 0.6920552210957513 1.9578819630823465 1.3171258699886597
405 1.1911882133698544 0.6832436214394665 1.9558873402019679 1.3276311177661746
406 1.20529101054486 0.6747045985521015 1.953643171977685 1.338006221103124
407 1.2196162124665333 0.6664439305940548 1.9511537127590888 1.348245137446697
408 1.2341577126636893 0.6584672559521524 1.948423364690866 1.3583419435457187
409 1.2489092635721082 0.6507800696473343 1.9454566745517399 1.3682908390839834
410 1.2638644800300463 0.6433877198270257 1.9422583305038674 1.3780861502318436
411 1.2790168428606519 0.6362954043443987 1.9388331587547896 1.3877223331138484
412 1.2943597025391052 0.6295081674266692 1.9351861201340739 1.3971939771902722
413 1.309886282942251 0.6230308964345274 1.931322306586854 1.4064958085504335
414 1.3255896851784352 0.6168683187147357 1.9272469375865104 1.4156226931157563
415 1.3414628914952134 0.6110249985478804 1.9229653564687945 1.424569639750592
416 1.3574987692625458 0.6055053341931904 1.918483026689747 1.433331803278863
417 1.37369007502905 0.6003135550322937 1.9138055280098052 1.441904487404663
418 1.3900294586488284 0.5954537188137045 1.9089385526065414 1.4502831475350053
419 1.4065094674763552 0.5909297089997849 1.9038879011185226 1.4584633935029654
420 1.423122550626855 0.5867452322178512 1.8986594786228175 1.4664409921895376
421 1.4398610632995683 0.582903815817042 1.8932592905487236 1.474211870042585
422 1.4567172711612597 0.5794088055324834 1.8876934385303263 1.4817721154913215
423 1.4736833547872856 0.5762633632582403 1.881968116200538 1.4891179812548432
424 1.4907514141575025 0.5734704649304596 1.8760896049292999 1.4962458865432797
425 1.5079134732042603 0.5710328985220471 1.8700642695086698 1.5031524191502132
426 1.5251614844097006 0.5689532621501585 1.8638985537875494 1.509834337435078
427 1.5424873334495335 0.5672339622977018 1.857598976258828 1.516288572194323
428 1.559882843880455 0.5658772121499913 1.8511721256017661 1.5225122284201897
429 1.5773397818683237 0.5648850300476093 1.844624656182451 1.52850258694603
430 1.5948498609542026 0.5642592380564726 1.8379632835151982 1.5342571059771597
431 1.6124047468553366 0.5640014606560155 1.8311947796877834 1.5397734225063122
432 1.6299960622981267 0.5641131235463402 1.824325968753427 1.5450493536128387
433 1.6476153918801248 0.5645954525750987 1.8173637220924561 1.5500828976448597
434 1.665254286958075 0.5654494727848112 1.8103149537466008 1.5548722352836675
435 1.6829042705589914 0.5666760075812344 1.8031866157288976 1.5594157304897254
436 1.7005568423112614 0.5682756780233357 1.7959856933121763 1.5637119313297165
437 1.7182034833927435 0.5702489022353385 1.7887192002991346 1.5677595706841414
438 1.7358356614928194 0.5725958949412373 1.7813941742770059 1.5715575668350559
439 1.7534448357853525 0.5753166671221039 1.7740176718598377 1.5751050239336104
440 1.7710224619094963 0.5784110257964282 1.7665967639214089 1.5784012323471315
441 1.7885599969552914 0.5818785739236593 1.7591385308218106 1.5814456688855514
442 1.806048904450984 0.5857187104310426 1.7516500576307334 1.584237996907086
443 1.8234806593490045 0.5899306303637646 1.744138429350488 1.5867780663031177
444 1.8408467530075352 0.5945133251583448 1.736610726141801 1.58906591336233
445 1.8581386981646069 0.5994655830391389 1.7290740185554163 1.5911017605142133
446 1.8753480339016646 0.6047859895377363 1.7215353627725374 1.5928860159521288
447 1.892466330593548 0.6104729281349628 1.7140017958571208 1.5944192731362086
448 1.9094851948418436 0.6165245810251225 1.7064803310230554 1.595702310176432
449 1.9263962743885719 0.6229389300020375 1.698977952919216 1.5967360890963023
