TimeStep Obstacle1_X Obstacle1_Y Obstacle2_X Obstacle2_Y Obstacle3_X Obstacle3_Y
0 2.0 1.5
1 1.9999640004319978 1.5059998560010368
2 1.9998560069118674 1.5119988480331772
3 1.9996760349904883 1.5179961122519345
4 1.9994241105835069 1.523990785061625
5 1.9991002699676022 1.5299820032397222
6 1.998704559775263 1.5359689040611617
7 1.9982370369880738 1.5419506254225703
8 1.9976977689285076 1.5479263059664086
9 1.9970868332502334 1.5538950852050037
10 1.996404317926933 1.5598561036444596
11 1.995650321239634 1.5658085029084217
12 1.9948249517625558 1.5717514258616814
13 1.9939283283474771 1.577684016733603
14 1.9929605801066208 1.5836054212413522
15 1.9919218463940607 1.589514786712912
16 1.9908122767856566 1.5954112622098662
17 1.9896320310575153 1.601293998649932
18 1.9883812791629816 1.6071621489292274
19 1.987060201208167 1.6130148680442522
20 1.9856689874260147 1.6188513132135673
21 1.984207838148905 1.6246706439991538
22 1.982676963779809 1.6304720224274343
23 1.9810765847619904 1.6362546131099398
24 1.9794069315472624 1.6420175833636044
25 1.9776682445628029 1.64776010333067
26 1.975860774176533 1.6534813460981839
27 1.9739847806610653 1.6591804878170742
28 1.9720405341562242 1.6648567078207814
29 1.9700283146301467 1.6705091887434336
30 1.9679484118389674 1.6761371166375452
31 1.9658011252850942 1.6817396810912242
32 1.9635867641740807 1.6873160753448708
33 1.9613056473701 1.6928654964073486
34 1.9589581033500303 1.6983871451716135
35 1.956544470156154 1.7038802265297852
36 1.9540650953474805 1.70934394948764
37 1.9515203359496973 1.7147775272785128
38 1.9489105584037612 1.7201801774765917
39 1.9462361385131284 1.7255511221095832
40 1.943497461389642 1.7308895877707415
41 1.9406949213980755 1.736194805730236
42 1.937828922099345 1.7414660120458483
43 1.9348998761923968 1.746702447672977
44 1.9319082054547803 1.7519033585739407
45 1.9288543406819119 1.7570679958265567
46 1.9257387216250423 1.762195615731985
47 1.9225617969279316 1.7672854799218196
48 1.9193240240622467 1.7723368554644128
49 1.9160258692616852 1.7773490149704148
50 1.912667807454839 1.7823212366975179
51 1.9092503221968062 1.7872528046543852
52 1.905773905599558 1.7921430087037529
53 1.9022390582610775 1.7969911446646878
54 1.8986462891932732 1.8017965144139894
55 1.8949961157486825 1.8065584259867171
56 1.8912890635459738 1.811276193675833
57 1.887525666394259 1.8159491381309425
58 1.8837064662162246 1.8205765864561188
59 1.8798320129700965 1.8251578723067987
60 1.8759028645704474 1.8296923359857367
61 1.871919586807857 1.8341793245379985
62 1.8678827532674405 1.8386181918449858
63 1.8637929452462516 1.8430082987174767
64 1.8596507516695784 1.847349012987668
65 1.8554567690061385 1.8516397096002053
66 1.851211601182188 1.8558797707021906
67 1.8469158594945578 1.8600685857321522
68 1.8425701625226285 1.8642055515079636
69 1.8381751360392542 1.8682900723137021
70 1.833731412920654 1.87232155998543
71 1.8292396330552783 1.876299433995888
72 1.824700443251666 1.8802231215380933
73 1.8201144971453052 1.8840920576078193
74 1.8154824551045106 1.8879056850849578
75 1.810804984135332 1.8916634548137419
76 1.8060827577855063 1.8953648256818239
77 1.8013164560474682 1.8990092646981949
78 1.7965067652604314 1.9025962470699342
79 1.7916543780115584 1.9061252562777782
80 1.7867599930362281 1.9095957841504994
81 1.7818243151174193 1.9130073309380808
82 1.776848054984224 1.9163594053836808
83 1.771831929209502 1.9196515247943706
84 1.766776660106697 1.9228832151106448
85 1.7616829756258245 1.9260540109746818
86 1.756551609248648 1.9291634557973558
87 1.7513832998830587 1.9322111018239863
88 1.7461787917566745 1.9351965101988111
89 1.7409388343096723 1.9381192510281833
90 1.7356641820868697 1.940978903442474
91 1.7303555946290725 1.9437750556566766
92 1.725013836363701 1.9465073050297046
93 1.7196396764947155 1.949175258122369
94 1.71423388889185 1.951778530754035
95 1.7087972519791788 1.9543167480579418
96 1.7033305486230221 1.956789544535184
97 1.6978345660192176 1.9591965641073417
98 1.6923100955797625 1.9615374601677555
99 1.6867579328188544 1.9638118956314383
100 1.6811788772383365 1.9660195429836134
101 1.6755737322125717 1.9681600843268765
102 1.6699433048727583 1.9702332114269734
103 1.664288405990704 1.972238625757184
104 1.658609849862076 1.9741760385413099
105 1.6529084541891441 1.976045170795258
106 1.647185039963034 1.9778457533672138
107 1.6414404313455033 1.9795775269763982
108 1.6356754555502668 1.981240242250404
109 1.6298909427238772 1.982833659761105
110 1.624087725826186 1.9843575500591326
111 1.6182666405103983 1.985811693706918
112 1.6124285250027408 1.987195881310288
113 1.6065742199817585 1.9885099135486195
114 1.6007045684572583 1.9897536012035413
115 1.5948204156489167 1.99092676518618
116 1.5889226088645707 1.9920292365629493
117 1.5830119973782055 1.9930608565798758
118 1.577089432307662 1.9940214766854598
119 1.5711557664920763 1.9949109585520663
120 1.5652118543690723 1.9957291740958434
121 1.5592585518517246 1.9964760054951665
122 1.5532967162053084 1.9971513452076046
123 1.547327205923855 1.9977550959854062
124 1.5413508806065297 1.9982871708895027
125 1.535368600833851 1.9987474933020273
126 1.5293812280437686 1.9991359969373477
127 1.5233896244076188 1.999452625851612
128 1.5173946527059712 1.999697334450804
129 1.5113971762043918 1.9998700874973077
130 1.505398058529133 1.999970860114983
131 1.4993981635427742 1.9999996377927476
132 1.493398355219825 1.999956416386665
133 1.4873994975223166 1.9998412021205434
134 1.4814024542753914 1.9996540115850379
135 1.4754080890429142 1.9993948717352619
136 1.46941726500312 1.9990638198869064
137 1.463430844824319 1.9986609037108654
138 1.4574496905406717 1.998186181226372
139 1.4514746634280604 1.9976397207926433
140 1.4455066238800638 1.9970216010990378
141 1.4395464312840645 1.9963319111537234
142 1.4335949438974969 1.9955707502708604
143 1.4276530187242606 1.9947382280563004
144 1.4217215113913133 1.9938344643918038
145 1.4158012760254608 1.9928595894177765
146 1.409893165130366 1.9918137435145307
147 1.4039980294637888 1.9906970772820687
148 1.398116717915078 1.9895097515183986
149 1.3922500773829338 1.9882519371963785
150 1.386398952653456 1.9869238154390976
151 1.3805641862784939 1.9855255774937937
152 1.3747466184543238 1.9840574247043148
153 1.3689470869006595 1.9825195684821257
154 1.3631664267400232 1.980912230275865
155 1.357405470377489 1.979235641539457
156 1.3516650473808183 1.9774900436987823
157 1.345945984361003 1.975675688116914
158 1.340249104853236 1.9737928360579207
159 1.3345752291983217 1.9718417586492447
160 1.3289251744245503 1.9698227368426622
161 1.3232997541300457 1.9677360613738242
162 1.31769977836561 1.9655820327203921
163 1.3121260535180763 1.9633609610587703
164 1.3065793821941913 1.9610731662194398
165 1.3010605631050414 1.9587189776409046
166 1.2955703909510383 1.9562987343222515
167 1.2901096563074859 1.9538127847743365
168 1.2846791455107365 1.9512614869695988
169 1.2792796405449607 1.9486452082905135
170 1.2739119189295434 1.9459643254766896
171 1.268576753607122 1.9432192245706195
172 1.2632749128322838 1.9404103008620905
173 1.2580071600609386 1.937537958831263
174 1.2527742538403832 1.9346026120904254
175 1.2475769477000707 1.9316046833244365
176 1.2424159900431044 1.9285446042298582
177 1.2372921240384689 1.9254228154527926
178 1.2322060875140148 1.9222397665254287
179 1.227158612850213 1.918995915801312
180 1.222150426874693 1.9156917303893413
181 1.2171822507575816 1.9123276860865064
182 1.212254799907654 1.908904267309374
183 1.2073687838693186 1.905421967024332
184 1.2025249062204417 1.9018812866766044
185 1.1977238644710346 1.898282736118043
186 1.192966349962813 1.8946268335337098
187 1.1882530477696451 1.8909141053672593
188 1.1835846365989022 1.8871450862451327
189 1.178961788693726 1.8833203188995702
190 1.1743851697362264 1.8794403540904605
191 1.1698554387516253 1.8755057505260315
192 1.1653732480133567 1.8715170747823975
193 1.160939242949142 1.8674749012219733
194 1.1565540620480486 1.863379811910767
195 1.1522183367685483 1.8592323965345625
196 1.1479326914475896 1.8550332523140076
197 1.1436977432106932 1.8507829839186143
198 1.139514101883087 1.8464822033796866
199 1.1353823699018928 1.8421315300021908
200 1.1313031422293767 1.8377315902755749
201 1.1272770062672743 1.8332830177835566
202 1.1233045417722074 1.8287864531128881
203 1.1193863207721986 1.8242425437611114
204 1.1155229074843012 1.8196519440433216
205 1.111714858233353 1.8150153149979453
206 1.1079627213718655 1.8103333242915534
207 1.1042670372010635 1.8056066461227167
208 1.100628337893081 1.8008359611249243
209 1.0970471474143313 1.796021956268572
210 1.0935239814500544 1.7911653247620403
211 1.0900593473300617 1.786266765951874
212 1.0866537439556794 1.7813269852220777
213 1.0833076617279087 1.7763466938925396
214 1.080021582476808 1.771326609116606
215 1.0767959793921118 1.7662674537778098
216 1.07363131695509 1.7611699563857774
217 1.0705280508716648 1.756034850971325
218 1.0674866280067903 1.750862876980759
219 1.0645074863201034 1.7456547791693966
220 1.0615910548028589 1.7404113074943233
221 1.0587377534161557 1.7351332170063996
222 1.0559479930304632 1.729821267741535
223 1.053222175366456 1.724476224611245
224 1.0505606929371676 1.7190988572925041
225 1.047963928991469 1.7136899401169141
226 1.045432257458881 1.7082502519592015
227 1.0429660428957297 1.7027805761250618
228 1.0405656404326504 1.6972817002383631
229 1.0382313957234501 1.6917544161277311
230 1.0359636448953333 1.6861995197125268
231 1.0337627145005006 1.6806178108882353
232 1.0316289214691257 1.6750100934112817
233 1.029562573063718 1.669377174783293
234 1.0275639668348768 1.6637198661348178
235 1.025633390578446 1.658038982108526
236 1.0237711222940704 1.6523353407419004
237 1.021977430145165 1.646609763349442
238 1.0202525724202995 1.640863074404402
239 1.018596797496006 1.635096101420058
240 1.0170103438010123 1.6293096748305542
241 1.015493439781909 1.6235046278713212
242 1.014046303870254 1.6176817964590895
243 1.0126691444511178 1.6118420190715208
244 1.0113621598330766 1.605986136626468
245 1.0101255382196577 1.6001149923608842
246 1.008959457682236 1.5942294317093981
247 1.007864086134394 1.5883303021825737
248 1.0068395813077418 1.582418453244869
249 1.0058860907292044 1.5764947361923154
250 1.0050037516997772 1.5705600040299326
251 1.0041926912747556 1.5646151113488964
252 1.0034530262454397 1.5586609142034802
253 1.0027848631223155 1.5526982699877845
254 1.0021882981197179 1.5467280373122727
255 1.0016634171419767 1.5407510758801335
256 1.0012102957710454 1.534768246363485
257 1.0008289992556187 1.5287804102794396
258 1.000519582501736 1.5227884298660461
259 1.0002820900648746 1.5167931679581304
260 1.000116556143536 1.510795487863047
261 1.000023004574318 1.5047962532363657
262 1.000001448828485 1.4987963279575063
263 1.0000518920100276 1.4927965760053412
264 1.0001743268552143 1.4867978613337838
265 1.0003687357336397 1.4808010477473812
266 1.0006350906507604 1.4748069987769272
267 1.0009733532519292 1.4688165775551163
268 1.0013834748279156 1.4628306466922525
269 1.0018653963219217 1.4568500681520369
270 1.0024190483380848 1.4508757031274446
271 1.0030443511514717 1.4449084119167155
272 1.0037412147195575 1.4389490537994727
273 1.0045095386951925 1.432998486912987
274 1.0053492124410521 1.4270575681286082
275 1.0062601150455677 1.4211271529283747
276 1.0072421153403384 1.4152080952818278
277 1.0082950719190185 1.4093012475230406
278 1.00941883315768 1.4034074602278837
279 1.010613237236647 1.3975275820915425
280 1.0118781121637954 1.391662459806309
281 1.0132132757993215 1.3858129379396567
282 1.0146185358819695 1.3799798588126269
283 1.016093690056715 1.3741640623785343
284 1.0176385259039065 1.3683663861020157
285 1.019252820969851 1.3625876648384367
286 1.0209363427988487 1.3568287307136735
287 1.0226888489666655 1.351090413004289
288 1.0245100871154413 1.345373538018117
289 1.0263997949900299 1.3396789289752773
290 1.0283577004757625 1.3340074058896316
291 1.0303835216376327 1.328359785450704
292 1.032476966760894 1.3227368809060789
293 1.0346377343930655 1.3171395019442937
294 1.0368655133873423 1.3115684545782473
295 1.0391599829473988 1.3060245410291336
296 1.0415208126735833 1.3005085596109236
297 1.0439476626104942 1.29502130461541
298 1.046440183295935 1.2895635661978304
299 1.0489980158112333 1.284136130263086
300 1.051620791832927 1.2787397783525725
301 1.0543081336858013 1.2733752875316406
302 1.0570596543972732 1.2680434302776984
303 1.0598749577531146 1.2627449743689771
304 1.0627536383545069 1.2574806827739722
305 1.0656952816764182 1.2522513135415765
306 1.068699464127293 1.247057619691923
307 1.07176575311005 1.2419003491079514
308 1.0748937070843738 1.2367802444277143
309 1.0780828756302974 1.231698042937438
310 1.0813327995130608 1.2266544764653553
311 1.0846430107492409 1.2216502712763226
312 1.0880130326741395 1.2166861479672404
313 1.0914423800104234 1.2117628213632865
314 1.0949305589380012 1.2068810004149852
315 1.0984770671651356 1.202041388096117
316 1.1020813940007697 1.1972446813024926
317 1.1057430204280676 1.1924915707516022
318 1.1094614191791512 1.1877827408831514
319 1.1132360548110256 1.1831188697605046
320 1.1170663837826824 1.1785006289730444
321 1.1209518545333683 1.1739286835394638
322 1.1248919075620092 1.169403691812005
323 1.1288859755077776 1.1649263053816576
324 1.132933483231791 1.1604971689843309
325 1.137033847899931 1.156116920408012
326 1.141186479066771 1.1517861904009274
327 1.1453907787605986 1.1475056025807144
328 1.1496461415695227 1.1432757733446226
329 1.1539519547286523 1.1390973117807526
330 1.158307598208333 1.1349708195803492
331 1.16271244480343 1.130896890951159
332 1.1671658602236452 1.1268761125318645
333 1.1716672031848534 1.1229090633076106
334 1.1762158255014468 1.1189963145266304
335 1.1808110721796712 1.1151384296179871
336 1.1854522815119461 1.1113359641104414
337 1.1901387851721474 1.1075894655524556
338 1.1948699083118464 1.103899473433348
339 1.1996449696574862 1.1002665191056076
340 1.2044632816084844 1.0966911257083798
341 1.2093241503362457 1.0931738080921356
342 1.2142268758840733 1.089715072744534
343 1.21917075226796 1.0863154177174879
344 1.2241550675782495 1.0829753325554472
345 1.22917910408215 1.0796952982249033
346 1.2342421383270863 1.0764757870451318
347 1.2393434412448763 1.0733172626201797
348 1.2444822782567144 1.070220179772106
349 1.2496579093789513 1.067184984475489
350 1.2548695893296484 1.064212113793207
351 1.2601165676358987 1.0613019958135008
352 1.265398088741893 1.058455049588331
353 1.270713392117718 1.0556716850730345
354 1.2760617123688731 1.0529523030672916
355 1.2814422793464832 1.0502972951574125
356 1.2868543182582017 1.047707043659948
357 1.292297049779777 1.0451819215666383
358 1.297769690167275 1.042722292490701
359 1.3032714513699366 1.0403285106144728
360 1.3088015411436558 1.0380009206384078
361 1.3143591631650609 1.03573985773144
362 1.3199435171461842 1.0335456474827214
363 1.3255537989497026 1.031418605854736
364 1.3311892007047303 1.0293590391378027
365 1.3368489109231532 1.02736724390597
366 1.3425321146164793 1.0254435069743093
367 1.3482379934131974 1.0235881053576146
368 1.3539657256766207 1.0218013062305127
369 1.3597144866232003 1.02008336688899
370 1.365483448441294 1.0184345347133434
371 1.371271780410369 1.016855047132557
372 1.377078649020623 1.015345131590113
373 1.3829032180930114 1.0139050055112404
374 1.388744648899652 1.0125348762716062
375 1.3946021002846027 1.011234941167453
376 1.400474728784986 1.01000538738719
377 1.406361688752445 1.0088463919844362
378 1.4122621324749176 1.0077581218525276
379 1.4181752102987035 1.0067407337004823
380 1.4241000707508138 1.005794374030436
381 1.4300358606615817 1.0049191791165462
382 1.4359817252875167 1.0041152749853681
383 1.4419368084343873 1.0033827773977075
384 1.4479002525805107 1.002721791831951
385 1.4538711990002344 1.0021324134688783
386 1.459848787887592 1.0016147271779547
387 1.4658321584801128 1.0011688075051122
388 1.4718204491827709 1.0007947186620125
389 1.4778127976920523 1.000492514516803
390 1.483808341120127 1.0002622385863584
391 1.4898062161191012 1.0001039240300145
392 1.4958055590053396 1.000017593644794
393 1.5018055058838333 1.0000032598621234
394 1.5078051927725995 1.0000609247460421
395 1.5138037557270938 1.000190579992907
396 1.5198003309646162 1.0003922069325863
397 1.5257940549886944 1.0006657765311493
398 1.5317840647134262 1.0010112493950463
399 1.537769497587762 1.001428575776782
400 1.5437494917197103 1.0019176955820785
401 1.54972318600045 1.0024785383785293
402 1.5556897202283266 1.0031110234057403
403 1.561648235232722 1.003815059586961
404 1.5675978729977713 1.0045905455421977
405 1.5735377767859176 1.005437369602813
406 1.5794670912612792 1.0063554098276053
407 1.5853849626128178 1.0073445340203686
408 1.5912905386772846 1.0084045997489284
409 1.5971829690619312 1.0095354543656518
410 1.6030614052669643 1.0107369350294277
411 1.6089250008077283 1.0120088687291169
412 1.6147729113365974 1.0133510723084642
413 1.6206042947645605 1.0147633524924742
414 1.6264183113824808 1.01624550591524
415 1.632214123982012 1.0177973191492304
416 1.6379908979761546 1.019418568736021
417 1.6437478015194358 1.021109021218473
418 1.6494840056276932 1.0228684331743498
419 1.655198684297447 1.0246965512513704
420 1.6608910146248446 1.02659311220369
421 1.6665601769241543 1.0285578429298092
422 1.6722053548458014 1.0305904605118985
423 1.6778257354939201 1.032690672256538
424 1.6834205095434094 1.0348581757368662
425 1.6889888713564734 1.037092658836127
426 1.6945300190986332 1.0393937997926153
427 1.700043154854189 1.0417612672460097
428 1.7055274847411188 1.044194720285088
429 1.7109822190253956 1.0466938084968174
430 1.7164065722347084 1.0492581720168142
431 1.721799763271568 1.051887441581162
432 1.7271610155257848 1.0545812385795879
433 1.7324895569862984 1.0573391751099779
434 1.7377846203523457 1.0601608540342382
435 1.7430454431439522 1.063045869035479
436 1.7482712678117265 1.0659938046765254
437 1.7534613418459466 1.0690042364597394
438 1.75861491788492 1.0720767308881463
439 1.7637312538226024 1.075210845527857
440 1.7688096129154598 1.07840612907178
441 1.7738492638885581 1.0816621214046056
442 1.7788494810408657 1.0849783536690647
443 1.783809544349753 1.0883543483334417
444 1.7887287395746747 1.091789619260338
445 1.7936063583600181 1.095283671776677
446 1.7984416983371074 1.0988360027449335
447 1.8032340632253407 1.1024461006355868
448 1.8079827629324556 1.1061134456007786
449 1.8126871136539 1.1098375095491713
